3.74658960
1.85280504
-0.64529788
2.47823004
4.13471451
-5.07646074
1.36453187
-0.34267017
-2.11941840
-0.65321091
8.13396418
-2.11157421
1.38674398
-3.02124180
-1.65587639
0.71970727
4.37796474
1.28346919
-2.93497131
-0.29650884
2.16461821
3.75571103
-1.90036330
0.60984084
0.67301463
-1.29821170
-0.83509320
0.87676687
-1.07078520
-0.86138247
-0.42106698
-1.08736151
5.64862689
-6.37903455
1.70200791
-5.77720979
-2.64392549
1.00269350
3.28591708
-1.67244899
9.00981249
5.53468700
7.81447705
-0.80556809
4.41740534
2.50803450
3.49855185
-0.37326230
-0.96211474
2.28214136
-1.69801607
2.43904505
0.03126275
3.64392844
-3.40826240
-0.99891096
-0.16127971
3.11037403
1.32352678
0.78062617
-1.05706836
4.98482023
-0.66937809
5.08659602
1.85226380
-0.52378346
3.58190744
-3.29178593
1.23541586
-0.39227504
6.78433221
0.20467885
0.82600296
1.93294433
6.35320957
0.41852366
2.55790396
-0.93362315
-0.36646206
1.95627160
3.06479710
3.80254180
4.82705540
0.00574320
5.07154454
1.00026933
-4.34470758
4.23263813
1.84534340
2.56983857
1.21998882
-0.57019918
1.83785418
0.18691378
-5.90260432
-0.25842101
5.67346779
14.02641916
2.81433690
0.88150394
