5.95121219
3.85924372
9.29165274
0.73733213
17.01594828
17.48432023
5.90864211
7.61367540
17.51098818
-13.63976253
3.59531842
-9.68724904
-3.00208197
14.71563735
2.02909202
6.56084334
-0.01796824
3.82136996
3.01334627
9.75936734
4.59431921
5.09822670
6.86101179
10.76565730
-5.22242055
2.07477793
28.73991641
9.89500763
12.19690831
3.12555702
-7.99029742
-7.59301461
-0.01505407
2.50600498
0.26987406
-11.23498405
2.00229869
3.92822553
10.88377566
12.24675783
22.16726414
3.74563096
3.44209082
5.11980106
16.99718258
-1.11622359
4.71586346
10.72715950
0.11589644
8.55956149
9.47266153
-2.95669955
-6.21738265
13.28811434
14.53678851
3.31224788
-5.10475282
0.24636646
1.06431961
-1.20488129
5.46369519
12.24227633
3.20805733
2.07893612
-6.16694821
19.45016109
-10.95376866
2.85239865
12.45270513
7.87511052
2.81852408
-5.30816368
5.77077274
3.91384055
0.75509992
8.08518973
8.22408303
12.97127346
-4.89587539
6.45510242
3.38268539
9.89728835
21.72275818
1.87829512
26.66114434
-4.96369410
-1.48714371
8.83285130
5.15581680
-8.32565030
-2.70429605
14.90017842
-1.44574053
-8.18798790
-0.44870063
0.79618159
40.23371340
0.61949288
8.27869469
-11.21190068
