6.72464860
1.37707764
2.67595320
3.37424988
2.71743428
4.37432148
1.14333025
0.84570688
0.33071132
-0.80415545
3.41018848
1.11152399
-0.15050089
-3.89207447
0.91916164
0.86123377
2.27329013
-0.20856817
1.52551906
1.51514706
0.07485802
1.43153854
-0.86936797
1.96630839
0.09753375
-0.18804723
3.04619399
2.55317134
2.19331026
1.90839549
3.78982095
1.15617768
-0.76581673
1.86480066
7.66842121
-2.59048668
0.51348582
1.34381787
6.26097994
4.70019030
4.63411930
7.50595741
-1.07712901
-2.58536844
-0.47547363
0.56495088
-0.90128044
-2.23648396
1.12639078
3.04716680
2.08573825
7.00872232
7.61438616
2.52240644
0.73912501
3.62641637
6.61085115
0.40274849
-3.08595818
4.29326028
2.79553103
0.00672674
0.27500957
-0.19750075
0.61545190
1.53060579
1.87078280
6.91898009
2.66429576
2.47900040
-0.85801060
2.46885300
2.67049499
-0.28405229
-1.13425562
4.91806135
6.58749100
-1.77096906
-3.55875053
-1.41264327
-0.72030176
6.94754576
-0.65212247
2.80205839
5.19617791
-1.50909675
2.10767300
2.21982661
1.84209838
-0.10924197
1.88795348
-4.32430376
-0.63674287
-1.12064951
1.65123842
0.27965923
0.68511436
0.76392935
2.96570596
0.54265175
