6.7803084
-0.81276628
-0.21578105
1.7828312
5.5446694
4.1845445
-1.2151098
1.7828727
-3.2141179
-3.2142358
9.3788261
-0.71314083
3.7821646
-3.2144913
2.7816609
-2.2126597
-0.81290483
-2.263922
-0.21571985
0.78380439
0.78380313
0.78392875
-3.214342
2.185676
0.38504995
-1.2154564
5.7785768
2.78268
-2.1852376
3.7817976
2.7827525
-2.8117359
3.406379
-2.2151351
-2.2149297
-5.2140032
2.7826623
-0.81290518
3.1851847
-1.8123798
4.8090249
6.7803297
0.7842202
-3.5477569
2.2019342
1.6496645
2.0545103
0.044281358
-0.55692554
2.4692409
0.98826854
0.96838489
2.0810583
4.9787317
-1.5004512
-0.65618088
0.8149182
4.402912
1.1774428
5.8670656
0.93491781
1.4960059
-1.6051386
1.4955925
2.4213834
0.93604677
5.2896851
-2.1196217
2.866257
-0.52871865
3.4942959
0.85152088
-0.60667294
0.66333512
7.5069407
2.5118598
2.9478205
-1.0858897
0.87709416
2.1684675
3.8774819
0.98073252
7.0093827
-0.78274859
0.25375095
-0.32913409
-1.1699938
8.4014431
4.387704
3.8652602
-0.43506423
1.8638772
-1.0600823
0.69151734
-2.0501053
1.7701523
1.8357069
8.9815319
3.3016735
-0.55051081
