10.41173405
5.86908516
8.51959942
2.61307497
0.55080035
-6.52535246
1.62887601
7.66456218
1.06534179
-1.50463973
-1.17844973
-3.22527818
-3.40388568
-1.23203952
7.13995041
2.91602667
2.98637878
-4.61588797
6.85179979
0.50001946
-4.60656711
-4.60064513
8.24396561
8.03549727
3.45583820
4.68721435
0.98145572
0.98028073
2.74777280
5.83225831
0.55518559
5.27758056
6.74121967
2.61256037
-3.62665414
9.57005069
6.57784805
-3.61342429
-1.67572989
7.22831776
8.11432315
8.48222348
-0.80734450
10.66289888
1.61126157
4.86632778
-0.84215243
2.32008237
9.53646170
2.56344587
-5.33596223
8.19344079
-0.18432671
6.59497648
8.24931478
1.95303814
-1.67523192
3.88471429
-2.70973600
-1.19843702
6.74018390
7.19906881
-3.05721037
-1.75726165
-1.73328075
2.68849416
11.87080008
-1.73001569
9.03886022
3.33018564
-1.75568560
2.87728885
-4.23802734
3.59450329
2.98537371
7.90647725
2.64087259
3.72574782
1.54308622
5.64207271
6.07674971
-4.31198328
6.26488080
12.93737372
-4.24677370
4.29369364
-0.64151251
3.76443496
6.36579955
-6.18986773
8.25841719
2.69305743
2.89952135
3.66729587
1.97695224
9.21588753
4.59961793
1.85514213
9.04681782
-2.29720437
1.62012755
2.55648061
0.90404397
-1.18237670
-7.45098304
8.94313313
1.90012958
1.98586392
-1.79733355
1.49795101
-0.69785680
7.78375326
-0.61603954
4.15396524
5.56144545
8.96712035
5.17734063
0.31234032
2.69707295
-2.25857529
-1.73656715
5.37750081
2.57212096
4.71817897
-4.27075417
-0.24771546
-1.15848228
-7.35664707
5.50428234
-6.51469755
3.02194155
-0.09499593
9.02482311
1.58037813
0.56630252
-2.66619539
0.43462551
0.92927592
-0.20587436
3.49086156
1.66082333
-1.58093240
0.31725019
2.77582111
1.39399232
7.40447106
8.00566779
5.43094748
6.71213451
4.43587698
11.57798405
2.81229325
8.33280275
9.20695850
1.55053312
2.43789637
3.45435303
2.68184876
5.64234359
-1.20199810
4.19409850
11.61044514
10.72945838
-0.62862660
0.39460171
2.69261708
3.51202982
3.99655105
3.62929085
0.49014952
4.42992915
10.23715091
2.52993608
0.52487602
3.37618294
-8.44296237
4.60535116
8.88524455
-3.23169142
-5.40670756
6.73074151
0.94586109
-4.21163268
-1.22373865
7.15793315
-5.41676664
2.94769449
-2.77089263
6.76869166
13.41314593
0.82568426
-4.24718785
6.69646180
1.90281861
7.86730285
9.68697939
9.52592062
0.92451699
2.66100776
-0.67945124
1.63136996
5.13515780
-3.28324563
-0.08452601
2.45971636
-1.74467595
0.90324914
-1.21106681
2.96926195
-1.71705985
6.36091730
0.55565381
4.78961247
12.13714299
4.89581670
-0.15178797
2.01459786
5.93292550
-3.20802647
0.49878285
-4.41806668
1.06567291
-0.07361771
-0.03569362
10.74909969
0.45089252
4.73372347
2.66037478
-5.41221219
11.07391890
-0.11806972
8.55744819
3.81721571
3.71596923
4.55787448
3.95393688
4.59021376
-1.70706135
9.05889095
-4.20566326
2.56989706
0.74493617
-5.77704874
8.90456584
5.86151010
-0.63267846
0.96190455
-5.34032578
9.29211162
8.39944894
4.87725284
8.17547938
0.56961890
-6.65229565
-3.06789437
8.57006802
-0.73339764
6.05561170
-1.18231010
4.69409242
-0.44086717
2.63542924
1.90735959
5.44498045
5.38975789
-2.70655466
-0.11172653
2.94818476
7.16622049
6.90948344
-3.51529942
6.75033501
-0.11473879
-2.28098472
1.00617989
0.99258424
4.83272767
10.62014687
1.64041409
-1.21125660
-2.26764472
5.03519142
3.66633630
-0.15242107
-1.71621640
0.96483411
3.11442586
4.77062339
4.36191709
-2.66203280
2.70276230
4.62093269
5.58222973
-1.03219957
-0.51438890
0.93708454
8.12356286
4.47596338
4.86859984
7.87197519
2.51455358
-0.67234825
2.39334084
-0.73151942
9.64230163
0.09973661
6.20894826
4.67103600
5.62116933
2.81342388
1.97501623
8.75923472
0.55510740
-3.21959336
5.71899944
1.66881116
-3.67896841
6.38971642
1.72574341
7.80555845
0.90204653
6.48828873
-6.44471596
0.93138834
-4.42445730
12.41762112
-2.69981262
6.85427933
2.59305125
-5.34475534
-3.22465485
8.11798819
6.48384069
2.70447557
1.90860721
3.50138064
-0.20832458
7.63496038
11.08436483
2.50968872
2.66334751
-4.30610377
-1.74135379
-0.13949069
2.69546697
2.70561215
10.57770772
9.54461537
8.75094961
5.49004111
11.10106280
0.35982552
-2.20691289
5.36813847
3.76180086
9.97137505
6.23056804
-1.67479290
4.79498540
-1.11179777
-0.19893091
0.51045401
-4.63627688
-4.63409680
8.33046680
0.91373372
1.72109067
9.03664258
