5.39383403
1.28503975
6.77398068
5.35052486
2.43264696
-8.74945923
3.91180173
1.69104649
6.42614137
-1.19695239
-0.54898538
0.69120179
-0.35880695
7.04507723
5.33262229
-0.82908295
-1.35108598
0.35151547
-0.92318370
3.14402758
0.84226899
-1.39527485
-1.46889028
-0.34921619
-0.60129327
-1.29238903
-3.23317403
-0.01885480
-0.69058500
8.71587031
4.83657765
-1.05506408
2.41595647
7.02415974
1.67784166
0.72230322
2.26629053
4.80133516
-0.04475050
-2.09638939
4.92397490
3.70583032
0.31986256
2.74834870
1.40722600
1.16077242
5.35993704
2.07396114
5.89897322
4.05168510
6.37664176
-1.38033442
3.35633907
3.34652605
1.61901369
0.39852846
-1.53574299
-2.00356563
2.63557819
4.92435687
-3.58818360
6.11182185
2.73851030
-0.45737930
1.42570514
3.81522613
5.30775010
-2.40740622
1.08929868
0.51292462
3.47263219
-0.11136486
6.39737422
4.91107968
3.61511300
-2.20345928
-0.04958328
3.85526153
2.43614482
-2.95914456
-2.02592561
3.30393544
-1.49795476
0.08703789
2.99017426
-0.73274923
6.30656695
4.54736762
3.94328855
4.43669021
-3.47257419
4.48842957
3.16688072
-3.47520990
1.13695747
-0.76146309
2.56014757
-0.85463407
-0.27811605
4.64764516
3.23213921
-0.90231047
1.56164941
-2.48978332
0.95370252
3.75124718
3.24539492
2.60713457
3.32570931
3.78377977
3.45217601
3.79912872
-1.74568579
4.30912805
4.55668466
6.20358646
3.59021950
4.31363089
-0.36881939
1.11198944
4.15437660
2.86873258
4.80163602
4.16470304
1.28243563
2.86212562
1.00765987
6.11988066
-0.40500011
-1.46544775
3.32292943
1.08922454
2.77802822
-0.37282108
-1.17744983
1.82522750
5.65293790
-0.33444866
0.15091059
0.81400007
7.72484963
3.38861112
3.16195124
7.17524524
-4.22384439
-0.08019147
-2.05450910
-0.02939981
2.67460310
1.13107518
1.09292577
0.50323725
-2.72696191
0.44039871
-2.32812928
0.74786640
-1.21213494
-1.46001777
2.43045525
5.39393606
0.20105970
7.26306764
-0.87472568
1.77573433
-2.03630108
2.60580855
1.99676505
-0.49344966
-3.14694592
-1.05011642
-0.70999008
3.21483330
-2.48684200
6.29179637
4.38515182
1.94364485
-1.11383109
2.19059466
0.01935135
1.00043224
0.40596863
-1.02114327
3.13048937
1.37804291
4.93063625
5.89233815
2.94141904
2.06829719
5.50484271
2.11642894
-2.52498224
0.47232546
0.74880781
-0.35205853
-0.27092719
-1.42325759
1.83037029
4.48532806
-0.00370423
1.10584503
1.48223978
2.94141904
7.14069407
5.84301361
3.71404857
-3.40649461
-0.10886209
5.70316533
3.87349218
1.81446198
2.20032149
3.62513422
7.24802855
-2.68458755
0.06702857
3.30917296
2.13509451
4.74423912
-0.78195134
5.11539926
1.51792491
-0.00988006
1.90973039
0.18175770
6.14399320
3.34763679
2.75860883
-3.49970818
6.40628611
3.11805945
4.37133260
3.79639610
2.24974637
1.96031547
-1.16875127
4.07560074
1.96583476
1.39575132
1.97028603
4.20156984
2.88893298
-2.99530027
2.85333739
-3.43834811
3.85895064
1.87079990
0.57218668
4.43907944
5.01401084
-2.09509611
2.65980232
3.29939287
1.85936999
-2.82075790
0.41919449
0.02358044
3.75332642
-0.09886978
-3.12673732
0.74830782
3.54427853
2.70612796
6.33954222
-4.14238712
2.27318810
2.66181732
4.34675353
2.76142499
3.56140148
6.06731014
0.30953610
5.58297379
1.14448506
3.31070871
0.90692939
-2.23228379
5.70869652
3.59746150
8.52256453
-0.64043400
0.59415636
-2.11487126
1.81511431
5.59559710
-1.55545194
-4.22542444
-1.37302130
3.91975381
7.62341633
1.99213283
1.38078856
4.74608738
3.74875309
-2.14827445
6.77340328
6.89864603
-2.28104471
-0.04213853
0.77374956
1.43881179
3.51035281
3.77457768
-4.53250311
-0.45960667
3.06255148
-4.69218697
3.74795017
4.21327952
1.52793913
-1.75746749
3.99403887
-0.88373597
4.08827255
-1.68362273
2.09229618
0.10724205
-0.38148996
-2.42398455
6.02665130
-2.25072480
-3.38681225
2.31888122
3.19522430
2.12233726
5.98753354
0.37683885
6.74343843
1.36620419
2.84811608
-2.59549188
5.87592404
-2.37635220
5.76081586
-3.54522575
7.45423625
-1.10816231
1.98849634
0.19035104
1.83824052
1.67980531
-2.26018594
0.00302815
3.53554386
4.26229020
3.55606206
4.97283265
4.93141852
6.50529331
0.41704371
-0.67505998
0.92488081
0.71806555
1.03156787
2.49638077
7.42310925
2.30802049
9.26689009
2.00483039
1.01080038
2.63838542
6.94029335
-0.40494136
-2.05726912
-2.10815337
1.15328552
-1.46062694
3.57568288
-3.01432815
