2.31821098
0.82835044
3.40748274
2.36854287
1.01208668
-2.57818528
1.71708810
0.67708911
2.53862778
-0.65757957
-0.16486884
0.14638857
-0.24387638
3.16655177
2.36392572
-0.44775932
-0.36434928
0.09204021
-0.59359885
1.09892644
0.61184562
-0.38680541
-0.30220335
-0.10817746
-0.14537265
-0.08684577
-1.27785737
-0.24715563
-0.23437850
4.74455213
1.94565100
-0.43603898
1.11931840
2.64221676
1.18496306
0.32677101
1.11339770
2.08718666
-0.04519176
-0.99986739
2.28751688
1.78256856
0.01808725
1.07476546
0.50373439
0.50963013
2.53968633
0.82402394
2.85171003
1.88169208
2.86832038
-0.40140008
1.41252600
1.44328066
1.27191018
0.15400572
-0.63762756
-0.79929340
1.30914811
1.97027984
-1.87664891
2.66226948
1.49706597
-0.43665639
0.44947432
1.92758574
2.05491985
-1.15374972
0.49640468
0.43367275
1.35688553
-0.22493168
2.24226383
2.33244691
1.74129378
-1.27493106
-0.02952002
1.53714496
1.09612128
-1.01278927
-0.84285372
1.31359762
-1.03589603
0.30810626
1.27466945
-0.23811973
1.84857517
1.75481828
1.89949452
2.09848947
-1.49365604
2.15030958
1.35619327
-0.97293556
0.47903981
-0.39612997
1.13762650
0.04520103
0.12666505
2.31156981
1.45963274
-0.62845745
0.69054563
-1.62886301
0.33991649
1.30715939
1.38451702
1.18218205
1.25291313
1.70472502
1.59754892
1.54624990
-0.93826892
1.88152171
2.36487893
3.36502373
1.45675057
1.50824984
-0.07843064
0.39203692
2.14549854
1.15978869
2.26807434
1.70727322
0.30818660
1.20706206
0.51208527
2.81035628
-0.27218137
-0.63077088
1.27884227
0.38589375
1.14367804
-0.08549347
-0.64376105
0.94744749
2.41749807
0.02810527
0.08001900
0.41624366
3.07007634
1.49652677
1.11894811
2.79930003
-1.17097242
-0.12449284
-0.58813168
-0.11914941
1.12400504
0.57132232
0.53224269
0.48598812
-0.96296300
0.17130340
-0.82544189
0.49109911
-0.69910362
-0.68036006
0.23391637
2.59986957
0.09719222
2.72280504
-0.61984234
0.60902884
-1.39337010
1.14485506
0.97902017
-0.57894107
-1.04677248
-0.33354872
-0.01433267
1.42953137
-0.60235648
2.44594977
2.08463095
0.87291440
-0.44761944
1.13467339
0.04890552
0.30899702
0.23548668
0.03002907
0.71308552
0.43982155
2.34744620
2.30161164
1.17098321
1.23667487
1.96473071
0.64549267
-0.98248579
0.55963302
-0.05269722
-0.10322037
-0.06128549
-0.89910720
0.68239619
2.17246142
0.09270658
0.59088457
0.66370555
1.17098321
3.48457033
2.67982589
1.72594364
-1.57480668
-0.33952186
3.50262333
1.63439828
0.77426522
1.00832099
1.85154057
2.81380990
-1.00670714
0.24563332
1.55140113
0.92282999
1.46233763
-0.42148236
1.99819797
0.81027769
-0.46802749
0.85539490
0.45500728
2.26947174
1.42077021
1.36999648
-1.57339747
1.97054055
1.52244000
1.39531891
1.94156947
0.58115805
1.05338359
-0.70748284
1.58979671
0.71604957
0.57032347
1.12731650
1.47005586
1.16186475
-1.31607147
1.59572724
-1.60839051
1.40778198
0.54391243
-0.17754799
2.19857946
2.37622571
-1.00029608
0.76759128
1.27756228
1.02365768
-0.76061660
0.08151976
-0.05892181
1.61923078
-0.26112381
-1.52811800
0.36417851
1.47211473
0.89799297
2.27503973
-1.69422148
1.24208568
1.13438091
2.13739679
0.86484582
1.45927015
2.08741643
0.10126942
2.49598367
0.31565788
1.19084679
0.31873186
-0.89327228
2.46809996
1.51182047
3.75472813
-0.05825442
0.05329554
-1.10153940
0.82619019
2.61322054
-1.03148370
-1.59543364
-0.16511482
1.58984835
3.35926149
0.76400156
0.71160799
2.13781901
1.55053616
-0.74814297
2.71842364
2.86903580
-0.96233941
-0.06919164
0.34404626
0.69194976
1.26728564
1.68113832
-1.83231591
-0.25751337
0.91669377
-2.03470903
1.57320012
1.86133386
0.63587193
-0.53749743
1.54670092
-0.05147667
1.60116790
-0.80406892
0.62732988
0.20454668
-0.28180344
-1.41176629
2.43724663
-0.89646915
-1.86099546
1.02334384
1.29452362
1.18857223
2.36897268
0.20879075
2.86133760
0.44608484
1.32908163
-1.52733366
1.62997218
-1.25047877
2.84120627
-1.91748549
3.45663685
-0.47288210
0.66218391
-0.45002048
0.82012369
0.56910065
-0.43941821
-0.14322755
1.60005034
1.82801252
1.85062841
2.72277184
2.06123246
3.37651269
0.22626960
-0.19399152
0.03997793
0.13804898
0.19968172
1.10466258
2.65964986
1.15052451
3.69789056
0.77415128
0.10211167
1.47154604
3.30267920
-0.22059059
-0.90898745
-1.10905901
0.34238096
-0.76111877
1.61474940
-1.12374324
