-1.86932987
3.06860726
3.37767819
4.17974713
3.58193462
-2.60682268
4.54953804
4.28228423
8.35589126
-1.13848365
-3.02869995
-0.10970038
3.97334261
3.56309133
3.28207018
-0.26622912
-1.59699684
-0.94710437
3.34892406
-0.17488635
1.90543376
7.86266920
-1.04881810
-2.73787950
4.55636566
3.22967522
-3.72141586
-2.49429604
-2.79378603
4.45345534
-0.08101611
0.21684952
2.56312169
3.46232024
-3.69709232
2.74641337
2.38677387
3.13829201
-2.97776448
5.50091106
-1.54804536
-1.56945251
-1.52242402
1.73932829
3.52970840
-2.62077590
-2.99039918
1.35081108
-2.15200617
1.31483304
7.30342397
1.55861323
-1.20772329
4.11159024
-2.66278185
-1.38968700
-0.28913610
3.41905192
-1.14408042
3.54696621
3.28727299
-0.12425008
4.66954245
0.50049566
1.00483675
0.75166848
2.94199535
0.34917989
0.93061499
-2.51208113
7.06338853
-0.98630771
-2.46297979
4.51154861
-2.73262841
-1.39458675
-0.18059168
2.90779877
-3.59237929
2.88085857
1.48411668
-1.56969913
-2.42234520
2.61630878
3.29720054
0.07462370
3.65984263
-1.23133537
2.01138608
4.89555782
5.71634253
-4.57671347
2.73822100
6.26503976
4.85602678
1.66384970
-2.03257927
5.13238053
-2.66597157
3.57498778
6.17718215
4.27855801
0.33185420
2.34087336
-2.14955375
0.20023925
-1.85006192
5.40256164
-0.25399563
7.89433076
-1.74145363
0.15369124
4.25819596
-1.63354485
-0.96320332
0.43908662
0.17363634
-4.31287822
1.20489116
5.10010262
-1.56694370
1.48360066
2.11772056
0.85077938
3.36923518
-2.18397130
-4.65689881
-2.70451468
0.27844080
2.09485773
6.31103966
4.65038327
-0.15525922
-2.81989747
-1.32311078
6.04756211
5.95641318
3.79073957
1.62587180
5.63799731
3.58936048
-1.52331496
2.22232893
-4.23191234
2.60295863
-2.72821875
2.59480907
1.15697092
-3.25333294
4.09163359
2.47202569
5.81978935
-3.14624566
-1.65267932
1.20529661
1.93802098
5.58179620
3.60856658
-2.01692367
-4.11126950
0.86148147
4.58977490
-3.53216024
1.21689767
0.50889146
2.40404919
3.71862507
5.81079808
6.55328593
1.62065350
-0.79475003
2.75496251
1.60422360
-0.91226718
0.04386057
5.26025853
6.67359516
-1.88976430
1.51024715
-2.72664507
4.66403092
-0.54198544
5.61070115
5.69016315
7.51760132
5.08786375
2.50499427
7.52361063
6.40826903
1.51234922
4.73350882
1.02300552
-2.77344424
-3.25020137
3.56039144
-2.38123781
-3.80376745
3.41843060
4.64967075
-1.06417361
1.59459453
7.98677230
0.58140317
0.42132193
0.12880557
2.06341321
1.43728898
-3.71756309
3.52598312
1.17508496
-2.18741721
0.57223940
0.34665192
-2.54050753
-0.52010790
0.83085994
2.70111267
-3.56292602
-1.05303745
7.40776868
2.64622998
1.58353977
-2.17511514
1.66416666
-1.37716328
0.19382319
-1.26606813
-1.84230082
0.37998343
3.69329791
-0.26788756
3.26701922
0.55406354
0.15936309
3.94304676
2.30853055
-0.55312226
-0.89681757
-3.74278797
-1.26981319
4.46033610
3.76320188
-2.66098826
-3.00830494
-3.27206947
4.61293614
4.83166136
0.47866305
8.02366288
9.12940957
-2.26978876
-1.65165621
2.72214312
-0.22646582
-1.73966281
2.82955015
-0.17524610
3.84367535
0.89305835
2.47617238
-0.52695965
4.40814897
5.75926901
-1.16517139
3.33117812
-3.53855678
2.47161558
4.45195072
0.18589274
0.56897866
2.46808367
0.34230760
1.51485550
-0.22146233
2.39642489
0.69794454
1.21345895
-4.28980390
-0.51149999
6.31650141
-4.01900051
-1.10427663
6.89486935
2.88389304
2.41991115
-2.34923163
3.35586688
2.55288668
0.39312179
2.28413335
4.81738518
1.93930683
3.74664534
2.38526057
-1.69606559
0.28114255
0.96647821
-2.88215112
3.12760977
0.22731635
-1.55680431
1.18425626
-1.04885593
6.41655120
-0.54271841
3.42923024
-0.16960856
-0.79109564
0.78549052
3.58001192
7.69356769
2.73787460
6.12941187
2.17359586
-0.23325142
0.88335174
3.87191088
-3.29017813
-3.63313058
3.79868833
-3.85623080
-0.13959700
2.10474188
5.67711093
5.46314028
6.56868105
0.87483069
5.10707607
-4.18396272
-1.67538011
2.85462064
0.91163774
0.24645353
-1.29735782
4.10095031
2.24937511
-2.55702059
-0.63364229
4.11390538
4.42471211
-0.70106746
-2.23284769
1.25044889
3.85670567
6.64728269
1.64244679
-3.13681026
5.77542888
0.10190887
0.78489602
-0.35054385
4.52389366
1.27288382
1.39132532
-2.78006662
5.37362893
5.66029393
0.74962319
0.78662818
0.90733710
7.03481056
1.16934609
2.08756017
-0.71990282
2.52456671
5.20820019
4.22249365
2.97916345
