0.92299541
-0.68275006
1.23724499
1.44828223
0.59017564
-0.22426870
2.71703782
-0.08570713
-0.10073017
-0.23276284
1.20031698
-0.06804652
-1.22601650
-0.28460360
0.45853496
-0.60576712
-0.91296596
0.15648858
1.08023571
-0.00602363
0.64334850
2.25050719
2.06532667
1.15996987
2.12489948
-0.33793136
-0.52451788
2.39647009
0.94587536
0.51535510
0.61597357
0.67042484
1.40751688
1.43151262
-0.45237070
0.68363517
-0.91000390
-0.17630502
1.94578062
-1.49996270
-0.13183005
0.21632036
-0.73267706
2.22231719
0.34824822
0.35148193
-0.17535459
2.03830991
1.40240238
-0.27081938
0.03895196
1.28403041
0.54976610
0.96266732
0.21174596
0.37935737
1.10007014
-0.17678643
-0.19130452
0.21351584
-0.87410338
0.43791979
0.69212568
-0.27235068
-1.22350506
0.24030110
0.69187730
1.28565185
1.66230974
-0.24114342
-0.73208754
-0.69759139
-0.08906016
0.44452122
1.61218439
-0.17747013
1.81756083
0.22591607
-1.19510007
0.48335949
-0.46409295
0.13369248
1.35613025
-0.26069470
-0.49677209
-0.59206480
0.06111463
0.82710822
0.11461750
0.58940578
0.07393083
0.56803878
-0.74925642
-0.08049717
0.39914834
1.60305468
1.11332841
0.56427783
0.51817613
1.13233928
-0.50436184
1.07852649
1.46475298
-0.56785959
-0.20331560
-0.20085691
-0.11626249
-0.31558435
1.74838611
-0.18222464
0.90761915
-0.63188940
0.92886723
0.48314676
-0.04772999
1.81749887
3.00332740
-0.09614811
1.32978359
-0.20253731
-0.81659726
0.60221541
1.28170072
0.25021095
1.73159056
-0.50111945
1.01475656
1.44619326
0.80754114
-0.31258600
1.83010878
0.77330635
0.67159971
-0.55826840
0.65797133
-0.54442620
1.46208078
1.43442310
1.07200530
0.41920833
1.36253603
-0.24401712
0.92803855
2.90029917
0.97548155
-0.15929923
-1.19681837
-0.09710792
-0.34250590
0.16071825
-0.18143885
0.74568398
2.18082442
0.16064528
0.36970213
-0.50995671
-0.18440308
0.56009555
-0.25141102
-0.49397682
1.03022429
-0.56959936
1.33459689
0.51727556
-0.46005878
1.65791996
0.35095181
0.64684295
0.38640554
1.20159118
0.35335547
-0.17640981
-0.67909519
-0.64054931
0.46285286
0.05568760
-0.72708768
0.77396847
-0.19865353
0.43501284
0.82989337
-0.78387453
0.85520982
0.41430493
0.79767207
0.61525678
0.67412164
1.15792584
1.53174844
0.24572355
0.14796923
0.44499794
1.28494065
-0.64881056
0.10620508
-0.44663371
-0.35405240
-0.34107735
0.76002063
-1.77779679
-0.65467759
-1.82495177
1.65330712
-0.60202922
-0.65425715
-0.11944150
0.74710568
0.09863641
0.27260527
-0.23860906
0.15816240
-0.10530048
1.92388120
0.59906662
0.13173707
1.91856085
0.32700717
-0.14006720
0.86138078
0.36008987
1.24868644
0.62243998
0.98766560
1.40210664
1.90115271
1.10913025
1.70986160
0.85859992
1.16312426
0.90905792
0.35697542
1.61147903
0.22859012
0.07254766
-0.39824388
0.89060013
0.93915135
-0.27298532
0.14968850
2.89885055
1.94576522
-0.51001493
-0.10727978
0.43367243
-0.81042523
-0.33673618
1.29377919
1.28434133
0.17963961
0.47451231
-1.12574960
1.50263263
-0.39536518
0.39859020
1.13268922
0.11999302
-0.13299277
-0.23731763
-0.57043441
1.03386217
0.39992857
1.91713023
1.06076638
0.43548771
1.45547932
1.34585771
0.83231782
-0.43984788
0.02957327
1.12579550
-0.12370595
0.72586000
0.05893968
-0.45797266
0.68398515
0.93709737
-0.74789739
0.38412999
0.44233118
1.84059641
0.20220142
-0.85223684
0.17217788
1.74021598
1.89586458
0.35256599
1.25537871
0.87211957
-0.42762360
0.51620401
-0.03655208
0.29647704
0.36472971
0.38944259
0.53621860
-0.39662185
0.49697728
0.13163943
0.10805359
0.51199646
-0.55925474
0.96882842
1.07250939
-0.60769214
-0.60455700
0.80607827
0.59890455
1.26020216
1.00092550
0.85496928
-0.25392872
-0.14049028
0.98110261
1.93919487
1.40140002
1.65885168
1.03478104
-0.62425878
-0.52700415
0.18447300
1.42023507
0.24841819
1.21567566
-1.21488626
-0.32909895
2.07014693
-0.11336179
-0.26419287
0.47363785
0.78846796
0.67379628
0.49470976
0.56161673
1.00948324
1.74525675
0.13351288
0.96386750
0.21843163
-0.16480225
0.44978966
-0.82229690
0.27233521
0.11009050
-0.59045848
0.10948097
1.27783765
1.75113179
1.18388972
-1.01269463
-0.55963908
0.44856173
0.82740322
1.65567274
-0.92188787
0.22950591
-0.33860824
1.32665978
0.09844696
0.74097035
1.70295808
1.19375742
0.88680927
1.98627540
0.26540236
0.70867304
0.69518581
0.82455390
0.58181943
-1.68666741
