1.38958755
-0.85592708
1.90016997
2.16436015
1.30099079
-0.65415186
3.51270127
-0.12193407
-0.07050883
-0.44084858
1.77737574
-0.17840437
-2.12954791
-0.70315460
0.91972627
-0.81234268
-1.33728559
0.22575440
1.66483719
0.07946917
0.93919521
3.37120367
3.19266741
1.82739522
3.03513236
-1.17646680
-0.17523875
3.45620774
1.17848117
0.57803409
0.89560096
0.61046392
1.92646745
2.70477869
-0.57221742
0.50730222
-1.30058620
-0.54855562
2.52854434
-2.28870165
0.16770194
0.11181361
-1.22307311
3.14214487
0.85479870
0.43989986
-0.09338602
3.05584071
2.45948065
-0.49122297
-0.11905476
1.40911078
0.98535269
1.38724047
0.38948951
0.31446080
1.70991103
-0.38377632
-0.22319163
0.35542054
-1.66119053
0.52472080
0.96204074
-0.59152629
-1.80687259
0.34826591
1.16485413
1.92357525
2.27559980
-0.93123983
-1.38059545
-1.48128629
0.21834611
0.60667763
1.94914029
-0.18053593
2.66854792
0.34412341
-1.68347028
0.97843834
-0.75354906
0.35847471
1.82517670
-0.71272434
-1.01747422
-1.26108469
0.11286020
0.61192485
0.51758804
0.46714743
0.10844961
0.58009536
-0.78299793
-0.12740180
0.32469570
2.16259185
1.38714186
1.35860839
0.96828623
2.12471393
-0.73662243
1.38783451
2.31994686
-0.77834356
-0.68499285
-0.49416914
0.16741131
-0.33554322
2.44105476
-0.26151231
1.33004293
-0.98919689
1.14494939
0.61500392
-0.09564628
2.91477319
3.84118743
0.30892714
1.45623931
-0.42845378
-1.54546412
0.61963811
2.25050863
0.64205012
2.14516285
-0.80487300
1.79939907
1.74327299
1.17437512
-0.25608691
2.45182355
0.86111904
0.94425538
-0.83297348
1.00427797
-0.72988214
2.33811767
2.01042227
1.41240340
0.39910582
2.24651141
-0.47853501
1.92828812
3.60428993
1.29957947
0.12765063
-2.02180278
-0.16862024
-0.42104315
-0.00454279
-0.81118305
1.22692733
3.43970801
0.43719438
0.55050630
-1.22786868
0.00803682
0.72260571
-0.39199733
-0.74562904
1.62600237
-0.80882012
2.28344816
0.42277392
-1.00669212
2.32559145
0.39483131
0.53263298
0.61866952
2.28426760
0.50796828
-0.13569435
-0.78868651
-1.02435602
0.55912515
-0.39711593
-0.96139237
0.96029370
-0.41628094
0.46569512
1.37469020
-1.09761674
1.00705653
0.57895124
1.59182495
1.16806291
0.45989054
1.48952933
2.15395337
0.39080338
0.31908574
0.22155153
1.89030159
-0.78589504
0.05289776
-0.51666946
-0.87950290
-0.85559169
1.26862507
-2.53699581
-0.88279340
-2.89699822
2.35266887
-0.67653718
-1.08982220
-0.14179936
1.13280400
0.22904026
0.46755859
-0.53882276
0.32100959
0.09532522
2.96536347
0.70146963
0.28423570
2.51568324
0.33855644
-0.14146445
1.19942913
0.52005768
2.03939735
1.25841855
1.59284034
1.76954511
2.19446074
1.53459467
2.51800966
1.45773300
1.43040091
1.52935758
0.34062314
2.24837576
0.49543842
-0.16886643
-0.80812992
1.49391340
1.35862593
-0.57762340
0.31172477
3.87022505
2.57628730
-0.75314411
-0.03748380
1.00663570
-1.26613900
-0.25331348
1.30369927
1.73531729
0.44145972
0.98811782
-1.67541807
1.95493646
-0.99743116
1.17203942
1.36396254
0.11167880
-0.53591173
-0.25035289
-0.95297880
1.07541743
0.48662231
2.47377261
1.77691668
0.30047376
2.26984643
2.16047430
0.81200672
-0.98793021
-0.02245157
1.98810970
-0.11328773
1.03469840
0.02363303
-0.91894184
1.00301266
1.28610624
-1.12726316
1.44425107
0.62857261
2.67224513
-0.62198894
-1.53065448
0.35601456
2.60555034
2.55330220
0.38763284
1.69648289
1.13886381
-0.51623672
0.70115380
-0.16910715
0.73087851
-0.18068205
0.35197501
1.20892553
-0.98386239
0.72178352
-0.02901307
0.17016327
1.04396223
-0.69003570
1.21825705
1.24836646
-0.78258210
-1.01373918
1.24719144
1.05746053
1.47759567
1.62234669
0.80418977
0.13649236
-0.60968648
1.77951783
2.98357714
2.05280955
1.93284461
1.97836439
-1.10504243
-1.01845840
0.28218868
2.08928463
0.22630113
1.90019476
-1.88946693
-0.98206480
2.69927642
-0.04754122
-0.60847882
0.83205553
0.85686538
1.19438449
1.01299839
0.95486710
1.77737247
2.86732362
0.24325094
1.18235152
0.21803149
-0.32898491
0.54986392
-0.71436284
0.71567024
-0.05752868
-0.61458818
-0.03788731
1.77643825
2.57978095
1.73132974
-1.78120789
-0.64920181
0.53738908
0.94610974
2.41002768
-1.75048987
0.26385458
-0.79137508
1.38198931
0.34479401
0.71655236
2.59621100
1.30063703
1.49896988
2.79489774
0.44156262
1.07148476
0.91625851
1.30992474
0.37592381
-2.23660516
