0.75226409
-0.25770216
1.04192511
0.56734541
-1.21813256
0.43666121
0.78351629
-0.10876994
1.05981684
-0.03994744
1.49840501
0.93022005
0.81462325
1.28258085
0.20333710
-0.08968932
0.07871695
-0.05839260
0.13883424
-0.67810038
1.86069259
1.30746334
0.64218424
-0.83932177
1.54819093
0.73817323
0.29313656
-0.99131881
-0.26942462
0.87527385
0.11735773
-0.55305558
0.64555184
1.20440807
1.32128800
1.34006421
0.06690674
0.37805694
1.24979291
-0.24079592
-0.05537150
-1.46604803
0.55504345
-0.54118519
-0.82096179
0.16338035
1.12188367
0.21033178
0.71822648
0.90498675
-0.23629418
0.92804162
0.62510351
0.43938138
0.50275516
1.54001242
-0.64220296
-0.78571391
0.69978655
1.15246276
1.53413563
1.02910032
-0.97068762
0.70776426
-1.18510333
0.57806857
-0.28876524
1.07067451
1.65633871
0.81541631
1.85393917
-0.48482262
0.90520284
0.09598174
-0.25152750
-0.27735278
-0.14824407
0.76666188
-1.18980342
-0.39781355
1.89196465
1.99071436
1.29119692
0.33945830
1.00809747
0.78390543
1.10481691
2.49008328
0.13438220
0.32132444
-0.48803752
0.12777859
0.86998060
0.50941865
1.22598471
-0.50754671
0.87365115
2.45199086
0.12185037
-1.39714918
1.05758181
0.37887639
-0.35810554
0.77798844
0.84645543
1.20444077
-0.45530267
1.39060657
0.40111561
-0.77651149
0.52062275
1.33199532
0.23204905
-0.18609931
2.15578651
0.33481679
0.83280929
1.38065844
1.03952694
1.32734364
1.25796353
1.03357385
0.58174961
0.42435250
0.02991856
-0.16196379
0.00632438
1.08953179
-0.22337641
-0.36252534
0.10257875
1.51277466
1.65580567
0.85173144
0.05694831
0.56592974
0.63241514
-0.01078287
-0.84869128
0.21449312
-0.16750024
2.51277454
0.66628261
1.45314632
0.50873361
1.51612970
0.38478799
1.48973968
0.32497904
0.32060539
1.86851070
-0.63090684
0.77577904
0.12480114
-0.55631861
1.92314340
-0.59429823
0.28172352
1.57457958
0.40963610
-0.09156728
1.35187190
-0.12124824
2.07165494
-0.37998808
0.56634330
-0.36865399
0.05453940
-1.35197787
-0.19432602
1.41958941
-0.62538504
0.07972293
1.36655313
-0.55153867
0.85078542
1.11548504
0.91107018
0.96752350
-0.11287141
0.73789182
0.30044743
0.47027293
1.21175148
0.33466078
-0.75131335
0.30808984
-0.29758597
0.56838348
1.13660110
-0.68482126
0.11017525
0.85052844
1.10733419
-0.73852097
1.20676536
1.98236904
0.86766966
1.19599450
0.29586104
0.48506038
0.46386437
0.75429077
1.87464112
0.71847512
1.15030964
0.80457631
-0.04052154
0.48400726
0.13901716
-0.91333255
0.91406271
0.40570400
0.87947693
0.36902228
1.27656823
1.88257517
1.47083485
0.15482997
0.49727804
0.38810080
0.49685433
0.09351819
1.61283492
-2.24228612
0.46372058
-1.19071237
-0.08043840
1.10883074
-0.69336809
-1.16024049
2.54754591
0.98584606
0.09673090
-0.06846754
-0.39750666
0.26731597
1.56006276
0.95564948
0.02355844
-0.44629178
0.37223008
0.82272956
1.52271345
-0.16803274
0.16199320
1.37748531
-0.40956274
0.37487351
-0.23076759
0.65237116
-0.66221297
0.93248830
-0.26500261
0.12416960
0.87343955
-1.08586772
-0.79850180
1.41550082
-0.36806530
0.85912632
0.22890996
1.34642017
0.50352935
0.29450845
0.73929109
-0.05755639
0.36798505
0.82887371
0.86180442
1.70392549
1.47073197
-0.86527636
0.63499421
-0.46339416
-0.46523844
-0.17336360
1.64742659
-0.12392359
-0.45220098
1.68096646
-0.03406439
0.43453051
0.28584215
0.43930194
0.16959589
0.64825403
1.10927557
0.72256532
0.32324563
1.21096977
0.89655533
-0.66989082
1.90723105
2.19854189
0.94556779
0.71543141
0.24188429
-0.67753954
0.19888181
-0.30645795
-0.09771932
0.65705558
0.95698035
-1.06497900
-0.36626062
2.66197356
1.78968682
0.54456408
0.31549849
-0.58757993
0.47916659
-0.73095422
-1.33614764
0.66492823
2.12241376
2.00277642
-0.08223650
0.45159923
-0.22545170
-0.63864464
0.11868994
-0.59501359
0.25521883
1.19188258
0.98323911
0.72372666
3.12148541
1.54827240
1.90632693
2.03947408
-0.43015800
-0.50299745
0.06117857
-0.49347373
1.32702779
-0.64329541
0.76763962
-0.03114449
1.35875287
0.34924960
-0.53034648
1.72334921
0.37959041
-0.58844702
1.45702589
-0.63432084
0.10611914
2.05521238
0.93432960
0.32345205
0.02920377
0.64964453
1.28638443
-1.03828463
1.81265270
-0.80714079
1.32530793
-1.00082989
1.38509637
-0.79345456
1.57236796
1.50270437
1.60415751
0.04488934
0.01205132
0.03839874
0.37837354
0.98577136
