5.05961078
-1.83543712
6.98271016
8.31440488
6.58770339
-3.17080811
9.75372741
-0.28148592
0.95614107
-1.18563098
6.65543184
-1.68622754
-9.17912269
-3.67429864
3.93435132
-2.80416520
-4.70800361
1.19187830
6.21073811
0.63104027
3.05262010
12.82305033
11.48723298
6.61018865
11.10033202
-7.70876397
1.54189908
12.10638070
4.06952305
2.03713153
2.81477086
1.65925957
6.83764438
13.12020824
-1.23754591
1.18700517
-4.72750485
-2.39406024
7.50479945
-7.22010276
1.58565959
0.58025635
-4.28090240
10.77445916
3.61197308
1.64423349
-0.16711478
10.34803602
9.73609587
-0.69570751
-1.72033420
4.88125486
3.84799436
4.53108304
2.00486769
0.55646977
6.08640928
-1.68307051
-0.72430310
1.66417761
-7.19860122
1.60045120
3.00244896
-1.75725938
-6.64910007
1.52192655
4.08659673
6.50175433
7.66538758
-5.54713940
-5.56534018
-5.68668239
1.52969533
2.65573980
6.08414161
-0.10145045
9.49784142
0.96361632
-6.74122477
3.49855072
-1.80575626
2.45981199
6.17566067
-2.79642886
-4.76300612
-5.56292696
0.51237154
0.67148643
2.71450998
0.68928067
0.40174706
1.94607476
-1.84810545
-0.67601514
-1.08516170
6.61225762
4.75862733
7.94626150
4.10067101
8.56412716
-1.73616025
4.55705348
8.85987550
-1.18521908
-4.57767755
-1.75869812
2.02515782
-1.26224278
8.50566801
-0.71655819
4.86086900
-4.38590346
3.05160518
2.76647880
-0.64810912
11.80892292
11.54085819
1.63226489
3.15177760
-1.21987645
-6.01185831
2.08044692
8.97054055
3.06383462
6.88909987
-2.89332340
8.62164301
5.60371094
4.02599477
0.35760979
8.07184893
2.52230572
3.02007008
-2.77441248
4.65513260
-1.73073221
8.22220951
7.93854889
7.45965715
1.68071510
9.93790752
-1.17825140
8.69986898
9.93087937
4.63121271
0.91937374
-7.16938708
-0.67103876
-0.76258481
-0.55653267
-4.66947579
4.75195175
11.35523388
2.78305775
2.13139773
-6.06186483
0.59011809
2.70424422
-2.17564481
-2.24465514
6.32987854
-4.08581325
9.43278122
1.04150573
-5.30374046
9.31330344
1.63906980
0.65055080
2.57562320
9.49810964
1.94027322
-0.70887127
-2.62031361
-4.15253880
1.01121302
-2.22077265
-3.65176315
3.15847485
-1.66852113
0.66665216
5.83869606
-3.76957428
3.49089010
2.58953455
8.22085376
6.24283184
0.63034364
5.86774016
6.99299547
2.70957766
0.93964441
0.83375157
6.30837064
-2.25249544
0.61198170
-0.72060185
-3.12350043
-3.08483957
4.85734967
-5.72780693
-3.42196172
-7.59021297
8.38092259
-1.78755889
-6.61917801
-0.70439252
3.84584883
0.91741841
2.56728518
-1.71800339
0.97037770
0.55300628
10.00224031
2.40473496
1.04374264
7.67031612
1.95133151
-0.62389715
4.03284697
2.61851610
8.44024563
5.84317800
6.31444823
5.66246007
6.63611246
5.48285910
9.42063011
5.70773442
5.01075295
6.57083562
1.62321642
7.31279427
3.14399478
-1.19807751
-3.28353320
6.42076580
4.84097716
-1.80267282
1.63050423
11.10680502
8.75476195
-3.70745488
-0.05832188
5.08877889
-4.73944347
0.02985934
3.89233274
5.90424638
1.89434582
3.83540110
-6.11776642
6.64187333
-4.27772567
5.80411354
4.40133857
0.58798477
-2.22815877
-0.15229221
-3.77397847
2.68348552
1.67950065
8.59293181
6.98879054
0.67205220
7.72343092
7.84548729
2.52484417
-4.71757237
-0.58590943
9.15740795
0.40156163
3.46058381
-0.54506689
-5.69466265
3.62572940
3.61201067
-4.64988834
8.70082491
3.49156788
11.19809510
-4.69859618
-6.14529525
2.53022839
9.55772812
8.23855790
0.95762199
5.54871662
3.88459226
-1.22249014
2.64471829
-0.67766090
2.79758619
-2.00459698
0.97422519
5.78821930
-6.78477731
2.58076130
-0.59470367
0.91193102
3.83066963
-1.19918150
3.72692838
4.16201149
-1.78116649
-3.70205820
4.39442141
4.04468581
3.91258461
6.00066469
2.02553365
1.83403176
-2.22544216
7.42612830
11.42006957
7.06548770
3.50448777
7.66569744
-3.67398319
-3.71370044
1.95631523
7.62702294
0.57136220
8.85475530
-6.73337178
-7.63274771
7.96500618
0.40932620
-2.72173100
3.75634813
2.58359511
5.02556024
4.71636118
3.04510198
6.65886280
11.31399660
0.94621518
4.08659851
1.12226801
-1.73235707
1.98394040
1.52715242
3.05566742
-1.12774067
-1.24669501
-1.21143052
6.41387486
9.85777897
6.05622977
-7.53629067
-1.72903046
1.97855046
2.77256505
8.81706041
-7.00453646
1.00020744
-3.65718952
4.05254830
1.59819841
-1.18250477
8.91863140
3.80611295
5.52041487
10.99177650
2.58612388
4.34879037
3.06323495
4.88005137
0.56935859
-7.28157640
