1.71946682
-0.80813117
2.29763760
2.59313323
1.70223045
-0.84673917
3.89779556
-0.12074860
0.04525849
-0.48452669
2.16813660
-0.33639040
-2.71090921
-0.93026269
1.19005125
-0.87207160
-1.55554242
0.32355700
2.08283877
0.12560107
1.10011956
4.03009919
3.91608772
2.22331289
3.64438878
-1.68310070
0.00998385
4.21003536
1.39858973
0.69538142
1.00430943
0.72180895
2.24199208
3.54468091
-0.60784938
0.46201464
-1.56879932
-0.66728694
2.81388124
-2.71820893
0.29277133
0.32998028
-1.50859851
3.79983431
1.05671335
0.50756798
-0.14401969
3.63696773
3.15156754
-0.24577457
-0.28851510
1.65734041
1.23171637
1.54091783
0.55696092
0.33098100
2.07611223
-0.49993338
-0.24000209
0.42698091
-2.02635652
0.59393375
1.14151381
-0.63282071
-2.13420472
0.44330437
1.31821754
2.22612491
2.58840586
-1.33910077
-1.65369104
-1.87518138
0.35173547
0.76022175
2.20738630
-0.16179844
3.21183766
0.42731640
-1.88073005
1.24367239
-0.77370621
0.53645764
2.19354542
-0.87806259
-1.41965932
-1.66930830
0.12812985
0.54222199
0.75616745
0.43880626
0.24573102
0.72976203
-0.84100429
-0.20586496
0.29024855
2.52207872
1.57758663
1.89285777
1.20133353
2.82391964
-0.76303495
1.45403075
2.74713700
-0.75060120
-0.89258262
-0.62116823
0.34020024
-0.43056926
2.86953240
-0.33906220
1.61038620
-1.14488071
1.29569082
0.82299185
-0.15473237
3.60652529
4.43805929
0.51775095
1.54633984
-0.47609057
-1.81724995
0.70029008
2.79694892
0.85797692
2.31851909
-1.02366030
2.29258831
1.87772339
1.32298419
-0.19969741
2.86840574
0.91179289
1.09493704
-0.93870613
1.17180320
-0.77846295
2.79770518
2.41651508
1.72055502
0.45633101
2.79685282
-0.54674191
2.50850069
3.91135200
1.54244568
0.19167366
-2.50508932
-0.29071598
-0.40113017
-0.11432470
-1.22281897
1.47283514
4.18320566
0.73738727
0.69020054
-1.65343628
0.00649039
0.88228647
-0.55624614
-0.76382027
2.01904003
-0.95993445
2.93720749
0.28802193
-1.31644488
2.61337419
0.51186375
0.48655011
0.74976661
2.90334314
0.54169557
-0.26331309
-0.69206047
-1.39970759
0.56582090
-0.57985828
-1.16607951
1.11205335
-0.51829383
0.50765457
1.80826008
-1.34391508
1.18366545
0.75847035
2.18561782
1.50285336
0.42709578
1.62325210
2.44904343
0.62987804
0.39103353
0.22372594
2.23217848
-0.84297531
0.05612487
-0.48125321
-1.05151976
-1.10000375
1.39520470
-2.90821301
-1.01403550
-3.49397622
2.83964739
-0.78150022
-1.49354221
-0.22403315
1.18686361
0.35929364
0.66007573
-0.65161802
0.33357558
0.11356709
3.53151588
0.73765106
0.28849625
2.74920449
0.54928958
-0.23109730
1.44918484
0.69309161
2.53435913
1.63072341
2.10204545
2.11954886
2.44280419
1.86564150
3.15200282
1.81631508
1.71861365
2.00946186
0.47066820
2.56329180
0.69158989
-0.34295569
-1.01723094
1.91675050
1.60596008
-0.65229585
0.47674576
4.36175837
3.03121796
-0.89441973
-0.11296672
1.44497436
-1.57751513
-0.23373469
1.41456477
2.04445511
0.56795645
1.23640275
-2.01980822
2.23263722
-1.32477012
1.59356772
1.52638197
0.14248060
-0.64576578
-0.24483306
-1.11859404
1.14274418
0.54929322
2.93764723
2.23720541
0.32343644
2.66855744
2.61852253
0.91368417
-1.35394136
-0.09086519
2.55472470
-0.13525820
1.25499103
-0.03387574
-1.20459175
1.14903638
1.37189080
-1.46671482
2.14161608
0.76030301
3.34119297
-0.97130939
-1.87496968
0.53038865
3.16610276
3.00676163
0.37747745
1.97706772
1.26554273
-0.59493520
0.84619104
-0.24679542
0.96609463
-0.18386133
0.36867839
1.55304911
-1.47306064
0.86384061
-0.09622318
0.21611365
1.27324859
-0.58219762
1.37171107
1.47096546
-0.79508317
-1.26913641
1.44897303
1.24197183
1.75671913
2.01817625
0.79544821
0.33197556
-0.68127654
2.28408761
3.59659711
2.39422490
1.88011240
2.40385127
-1.25135439
-1.18803765
0.41521063
2.54875913
0.28816469
2.36732233
-2.26857577
-1.52550743
3.02534446
-0.02085949
-0.69627183
1.10014373
0.91035852
1.51133452
1.35487489
1.12652390
2.23857106
3.57084382
0.37259511
1.36032032
0.25849533
-0.51164998
0.67622560
-0.63189808
0.96078393
-0.14724887
-0.70897723
-0.25238660
2.22691463
3.19512524
2.06155130
-2.23003853
-0.74128873
0.75126862
1.15788313
2.88336780
-2.11555076
0.39901566
-1.09526201
1.56070473
0.47523006
0.64393262
3.14930940
1.49346795
1.82216515
3.42125172
0.60066151
1.36221672
1.10253399
1.60899059
0.36745321
-2.66401721
