-0.04856470
0.87561935
1.45163173
1.12970745
2.87432568
0.92718791
-0.41342448
2.23242247
-0.20396881
-0.83318834
-0.17090038
-0.37430130
-1.04388359
-0.22709311
-0.09376145
0.34354996
-0.33292212
-0.36443552
0.92483335
1.03451122
0.00494682
-0.76532662
0.78365624
0.97908687
0.01795422
0.28541609
1.22297468
0.66219410
0.43221978
-1.49611078
1.85360034
1.38373588
2.64517474
0.47159616
0.87927572
0.69915999
-0.15811610
0.62007455
1.40411263
-0.83833839
0.58369512
-0.63497521
0.61575534
-0.41473605
0.46196891
1.15738228
0.02079563
1.00418708
0.73018917
0.55789233
0.19921540
0.25072608
-0.59139369
-0.94824835
1.36801516
-0.71894028
-0.30906698
1.93789166
0.37863405
-0.02302391
1.46199045
-0.08851117
0.96638292
0.37479928
0.42926959
0.95541274
1.88252772
-0.21070215
-0.51306257
1.10916659
0.41184464
-0.09147319
-0.71703575
0.19653199
-0.17613886
2.22078941
2.22893498
-1.67414872
1.88444266
-0.04684563
-0.68577060
0.43308295
-0.01822391
1.49623842
0.10347992
1.66524763
0.39640878
0.82764961
-0.03463317
0.65687836
0.35825988
-0.42696462
0.12450949
0.56818030
0.26420907
1.01675512
-1.31868017
-0.47393448
-1.17203968
-0.31062731
1.76698028
-0.70617480
0.73446847
0.87648048
1.00213735
2.15607009
0.88392453
2.32113427
1.81219538
0.71839278
1.42381784
0.23210896
-0.16787219
-0.58593654
0.71286117
1.74084904
-0.23324901
1.27396370
0.55394283
0.16695838
-0.37702340
-0.51299635
1.04965001
-0.82057303
0.76597057
0.77168277
-0.99568108
1.41541436
0.88063169
1.04818678
1.44155291
2.02218745
0.00699455
0.80110731
1.58934627
0.27540317
-0.21687621
-0.78188297
1.06656312
1.04571149
0.29386788
1.12819347
0.86258461
-0.71971616
0.67506705
1.12871548
0.47623405
0.29487794
-0.32672025
-1.09766989
0.00848141
1.30984378
-0.12303494
-0.16025452
0.11935505
1.26990097
0.39225657
-0.03242667
1.92082460
0.94212757
0.44298327
-1.25928057
1.76987217
0.28906957
1.01952257
-0.41711751
1.05108019
0.96766536
0.65726833
-0.44578393
0.73342082
0.85637033
0.52918728
0.95416710
0.61030021
-0.42586980
-1.15266974
0.11303870
0.45470195
0.16581940
0.55953278
2.11353538
-0.08071921
0.55524898
0.87855483
1.24451688
0.54151430
0.78319085
0.57728120
-0.24208715
0.79372682
0.45962949
0.51337285
-0.36571103
-0.51768111
0.44268399
0.68917870
1.06746443
-0.16056417
-1.24732751
0.45336090
-0.11728996
0.12283480
0.01625305
0.97103329
1.73713836
0.72616193
1.47645262
1.01420464
0.63112328
-0.02210718
-0.77291480
1.00855573
0.31093746
0.55941541
0.62808670
-0.93697038
0.06552938
-0.49591932
0.47518488
0.49772464
1.58754244
0.53079142
1.36911885
0.45194792
0.25119322
0.54494006
0.01801337
-0.23206155
0.33649367
-0.05119159
-0.31063749
-0.41146211
0.46320587
0.15351683
0.07145801
1.06591010
0.01138956
1.09186884
0.59273966
-0.72476290
1.26211092
-0.05956393
1.19945167
-0.64170542
0.52885208
-0.29462743
1.68680284
-0.47713162
1.40304007
-0.01736908
0.08458018
-0.10828688
0.84192794
1.64792671
1.05519857
0.07054040
-0.67373833
1.99436796
1.04716738
0.30313418
-1.10372098
0.34138342
0.25236405
-0.24838937
-0.53070497
-0.47958639
0.84410560
1.95913517
-0.60398194
-0.47740780
1.13531638
0.27184161
1.13523370
0.99674177
1.20137241
-1.24768443
0.42766317
0.86271510
1.36128117
1.10678088
0.82757432
0.54627173
0.45209683
0.09881781
0.65573390
0.40503562
0.31697360
0.56948553
0.00391402
0.21128477
0.02352735
2.42541591
1.79010959
0.69390949
1.10682327
-0.63611218
1.01123871
-0.86433138
1.61085023
-0.07932303
2.63576812
0.64876471
-0.11990225
0.02222358
-0.56585818
-0.06386200
0.50042295
0.40202951
0.11212787
2.00548356
-0.21074664
0.67399612
0.49461889
-0.01207102
0.97496334
0.70038552
2.62525576
1.04890936
0.96316958
0.39245282
0.99885791
1.83020161
1.75187829
0.79721952
0.56065378
-0.28186707
0.19470894
-2.08798339
0.88497846
-0.61579942
1.41462508
-0.09273585
1.22357263
-0.13141319
-0.49453146
0.03819194
0.39905100
0.17250749
-0.73992709
-0.84204130
1.17512296
0.87214669
-0.23002454
0.28541609
-0.77350540
-0.36622943
-0.24430328
1.16737335
0.72422500
0.67257595
1.01971309
0.04737243
0.11115405
0.61097728
-0.71305998
0.54687878
-0.04718312
0.53782215
-0.88536093
0.57971856
-0.06660307
-0.18581046
0.31616959
2.89022761
1.60770666
1.16951415
0.06552886
-1.26349356
