-0.77705062
0.91447131
1.24031305
2.11677706
1.43213826
-1.42794522
2.16362487
1.72951832
2.73933710
-0.67058079
-1.14902809
-0.06751870
1.42889421
1.78717292
1.40091041
0.01843690
-0.63682438
-0.54834609
1.33809588
0.04325680
0.70504301
3.28919770
0.09145064
-1.06980907
1.86710179
1.20771970
-2.03344224
-0.92976933
-1.25803213
2.01955882
0.03529746
0.01504805
1.23213578
1.25740572
-1.19494410
1.15635288
0.99958774
1.36695585
-1.67301676
2.28673217
-0.59745037
-0.76360547
-0.94331148
1.04240739
1.38993799
-1.53746594
-1.79565758
0.03589883
-0.87916863
0.18685272
3.28894104
0.68527795
-0.52702061
2.00934756
-0.96457234
-0.03932832
0.41948190
1.83195908
-0.68159837
1.69892951
1.39010677
0.15297743
2.17490273
0.31165968
0.37907863
0.50700515
1.22173174
0.27102562
0.42937389
-1.24598119
2.35398627
-0.48903658
-1.06669794
2.21064198
-1.40753502
-0.70656952
-0.00263348
1.16294349
-1.65703791
1.40672431
0.70340417
-0.51428586
-0.82873045
1.31701132
1.61162870
0.34716654
1.49080116
-0.61089304
0.78161883
1.94674806
2.48519873
-1.18747346
1.20907177
2.57539048
1.73218719
0.81069479
-0.28407387
2.19202923
-0.56593035
1.67744537
2.76731975
2.09414527
0.34190570
0.57349875
-0.65730678
0.22485650
-0.79453188
2.31463169
-0.15666309
3.72254245
-0.61984396
0.02085709
2.17419819
-0.57628558
-0.57058434
0.31406190
0.05090533
-1.37180906
0.42793085
2.47819847
-0.42535490
0.54147346
0.87290868
0.42691552
1.65367366
-1.00164525
-2.52901522
-1.39655316
0.21989812
0.65044524
2.85759605
2.10051230
0.06914750
-1.33118574
-0.61014236
2.58887876
2.48875710
1.32833816
0.54516960
2.29820132
1.36932603
-0.69402286
1.08803889
-1.67045537
1.35873958
-1.24650876
0.90872622
0.37595686
-1.03081704
1.51109063
0.97500370
1.54514840
-1.00602137
-0.85847861
0.41033949
1.11205172
2.29709886
1.87244820
-0.56492822
-2.12517750
0.28759301
2.00563892
-1.50846602
0.64226912
0.22502609
1.05936498
1.51892019
2.63119452
3.19311567
0.47819691
-0.00987023
1.19956348
0.50380187
-0.45142422
-0.28772723
1.82431839
2.23019110
-0.84219905
0.66714181
-1.03154382
1.64911716
-0.27986687
2.62345548
2.43096090
3.22424324
2.46756611
1.07582805
3.53465057
3.00277308
0.13594596
2.00518481
0.47812231
-1.22214717
-1.38357661
1.82322301
-1.09882030
-1.28274161
1.62022643
1.54405109
-0.48488970
0.52994757
3.25900155
0.45110803
0.14058108
0.39749294
0.90275737
0.55144439
-1.20007867
1.55871511
0.41691734
-0.88660427
0.50109273
0.34392715
-1.07719202
-0.10162639
0.50232208
1.29417724
-1.66119061
-0.38824505
3.10431204
1.15477242
0.64495101
-0.49372360
0.80639468
-0.65419875
0.08108257
-0.48527031
-0.73007329
0.55483291
1.22080898
-0.07899570
1.67310519
0.55788800
0.16582193
2.04645281
0.83307941
-0.31739315
-0.40598187
-1.55681477
-0.48410366
2.20837540
1.82741243
-0.99024762
-0.60145567
-1.57676661
1.68240262
2.12215178
0.09062209
3.49193816
4.73291084
-0.93221480
-0.06596088
1.09346490
-0.14241986
-0.55205356
1.28748620
-0.09202459
1.74563480
0.43773394
1.10641840
-0.55038348
2.36969796
1.96721829
-0.29196059
1.42317012
-1.48805030
1.14690465
2.11831319
-0.08156301
0.28713865
0.79985231
0.11820158
0.73310699
-0.00806967
1.10386123
0.61979448
0.36296742
-1.89504762
-0.12660764
2.43684480
-1.77994789
-0.56957842
2.93626113
0.65368292
1.03419517
-0.78736732
1.58254398
1.06601248
0.53879099
0.91724432
2.09767312
1.00417164
1.60379297
0.67055991
-1.07820665
0.04500723
0.44064334
-0.93782768
1.20521563
0.24498805
-0.73735750
0.57306296
-0.48905611
2.47744926
-0.01828942
1.64384339
0.08795654
-0.11175791
0.22576798
1.35844601
3.32941496
0.95874536
2.70039657
1.11948271
0.13111715
0.45253694
1.62391984
-0.63766276
-1.74241352
1.41243273
-1.30127550
0.10715234
0.99393972
2.20051683
2.31172207
3.10890776
0.43400704
2.08729387
-1.17042212
-0.72018832
1.17148904
0.52788049
0.28252974
-0.55065306
1.90996237
1.10114735
-1.11567332
-0.74081280
1.88889671
2.19093793
-0.02617562
-0.88226531
0.72883720
1.49263915
2.27047402
0.74998416
-1.20365291
2.35457078
0.10317872
0.13186476
0.64148666
1.71193221
0.62014162
0.35688615
-1.32928964
2.17405814
2.35097110
-0.15787248
0.46675667
0.21471634
2.20202083
0.37359359
1.16513225
-0.10684716
1.04774088
2.23136986
1.86038064
1.68770838
