-0.71367904
0.53186030
-0.63566888
0.84542314
2.53576058
-0.75799481
-0.25277020
0.55713184
1.04323800
0.20501995
-1.53010258
-2.25323342
0.91229532
0.46200447
1.05367889
1.36292329
0.05968579
-1.25647067
1.06432142
-1.94341642
1.04275544
0.17483200
1.98167191
0.24431180
0.60937219
2.17897559
1.09158785
-0.61510968
-0.38903208
1.19364248
0.03271122
1.53376222
0.17227978
0.61781347
1.94532778
1.83079601
0.13942770
-1.83546120
0.78163464
-0.23750714
-0.13318728
1.57722968
2.00702831
0.15863073
1.33365112
0.79700157
0.56933846
0.16032278
0.53520244
-0.24158074
-1.88973090
0.34196622
3.14358536
1.44340463
0.20437139
1.07977175
0.35390423
-0.62391516
-0.02635057
0.06349930
0.45228575
-1.16031993
-0.54805491
-1.00327818
-1.05579255
2.07617692
-0.88568771
1.00516503
-0.71684442
0.05978269
1.24736050
1.23707115
-0.50354812
-0.83033994
-0.73502500
0.32345880
1.08541514
-0.47835719
1.11218751
1.58311162
2.24238069
0.04920334
0.96726095
0.58771494
0.39703937
0.28171757
1.16901968
0.26634218
1.05249719
2.63218518
-0.02024643
0.33261290
1.08696153
1.89615855
1.58421122
2.58759926
1.47817577
-0.49939196
-0.38809964
1.18548154
3.52462798
1.27356478
-0.65663373
0.82964399
-1.84829902
2.29170682
0.13668353
1.67988715
-0.75642422
1.84082807
0.54410828
1.35887823
-0.59036234
2.56178460
3.39075658
0.22462983
1.18352247
1.10563175
-0.35341208
1.67650618
-0.27658243
2.21948170
3.18742178
-0.36760247
1.51910325
0.71359438
-1.18517017
2.36959153
1.09552663
-1.82530368
-0.13318728
0.94036799
2.41386891
1.06002067
0.85847530
3.00841631
2.90886139
-0.63523304
-0.07734763
1.46009957
0.28404594
2.59049242
2.83790951
1.23115246
1.96135151
0.87768406
1.53467679
2.83565918
-0.64723275
-0.47415989
-1.83375137
0.44919163
2.65504443
1.34238707
0.15196656
1.47770254
2.28341540
2.33228099
1.65450907
0.52478421
1.34767838
2.08077772
0.66774096
1.13482078
-1.55445254
-0.89245964
0.74839585
1.92063636
0.64751821
0.55721685
1.63792047
0.94488500
0.30019985
2.84886207
-0.37708784
0.80137616
0.82101564
-1.62984976
1.31521528
1.41010949
1.14791041
-0.39503911
1.82253442
0.06678454
1.21563883
0.31001787
-1.69870994
-1.30144397
-0.00297490
1.21892675
2.38412516
0.88590067
-0.08800746
-1.53574721
3.46069101
-1.44939966
0.15781390
2.02586405
-0.71133452
0.16179010
0.90398579
-0.49719761
0.06907507
-0.58059408
1.69708340
0.69106953
0.32451888
0.83637784
-0.01894796
1.19752055
3.39030646
2.09899372
1.32472534
-0.82490212
-1.24536582
0.67337626
1.25125436
-1.64786663
2.18113405
-1.43579051
1.79260448
0.78365738
1.09332967
-0.41004157
1.26988315
-1.37387461
0.52386670
1.33306877
2.39768600
0.22629759
0.37841061
0.58613222
0.07852967
1.17797749
-0.42026124
-0.87298041
-1.70487137
2.11888020
0.55308781
2.13166868
-0.34439427
-0.14091638
-0.88800840
0.25871394
0.31965820
0.65865998
0.41155670
1.04293020
0.60387940
0.34214482
0.77160642
1.40942008
1.24481086
0.44512608
-0.66039146
0.82958412
2.52492364
0.02424883
-0.99728155
-0.67157976
0.27387421
2.48566328
2.45874644
-0.56389947
0.44602838
0.21170992
3.67766974
3.85428555
-0.97353532
2.43454257
1.19737501
2.13827537
1.66369914
0.30957723
0.37369643
0.40311708
-1.59545368
2.42816827
-0.49615974
0.68463045
1.71995969
1.58644366
-1.36150523
-1.82983306
0.25113549
1.25124203
0.60574572
2.31987162
0.30146305
0.03107219
0.02785121
-2.05431042
1.42530410
0.17358068
-0.26206522
2.38495815
-0.09260787
0.35787962
1.17689218
1.02942251
2.60825319
0.56669667
-1.59315060
2.27967441
1.02046593
-0.82375964
-0.07752856
-0.54536940
3.58338952
-0.18680134
1.98610187
-0.73502500
1.24615035
1.19986946
0.39121437
-0.81828287
-1.19743354
1.21737193
2.23839158
0.07017608
2.60160314
2.32056496
1.66722059
-0.99843060
-0.09273081
0.23918727
-0.67699778
1.73885381
-0.09481766
1.29637366
1.30921622
0.04753193
-0.53051926
2.50848576
0.25347992
0.64508971
-1.27180470
5.29511615
-0.78095264
1.27033004
-0.03179727
0.28260387
2.35570368
0.85814958
-0.22712100
-0.28222938
2.15271220
-1.30520213
0.89164150
1.76109978
-1.61730897
1.31111321
-0.38722310
0.22919383
-1.98477860
0.46378849
1.47677050
-0.67569614
-0.97734026
0.08172067
-0.35579647
-1.05354546
1.53359548
0.30586002
2.33602878
0.07816816
0.25834683
-0.05525102
