2.98127481
1.87554751
2.40816779
0.67771460
0.09575851
-2.05493759
0.38870894
2.48326114
0.23177595
-0.66281620
-0.61999945
-0.79896139
-0.82579665
-0.66078258
2.36831600
0.86225958
0.98022820
-1.41076019
2.11698627
0.03866714
-1.10410816
-1.27244383
2.53534660
2.82888275
0.73445680
1.51980120
0.25550769
0.65460075
1.00489596
2.01200811
0.16907090
1.99794787
2.13145831
0.74004584
-1.48420273
3.13792637
2.54895743
-1.17048425
-0.44897521
2.24236025
2.66605181
2.51204991
-0.18738669
2.92122388
0.49564845
1.76633891
-0.25860620
0.44600719
3.01477861
0.84962893
-1.78607894
2.96779223
-0.18289671
2.33940553
3.21158309
0.74725278
-0.48603034
1.22737275
-1.01078153
-0.26055754
1.86901891
2.37458246
-0.79560997
-1.03184949
-0.66029556
0.87530146
3.93120591
-0.60013234
3.35908662
1.10305494
-0.69447612
1.08009629
-1.64082699
1.18584698
1.03445731
2.57335796
1.06302895
1.19381030
0.39988874
2.00082184
2.35860408
-1.21447156
1.39884119
4.86827295
-1.64147566
1.47044872
-0.11698141
1.28113282
2.22529809
-1.91595087
2.37164158
0.81052445
1.10326124
1.27889203
0.41626947
3.32782746
1.53755661
0.85041922
3.18188558
-1.05164118
0.70871358
1.10826802
0.28680703
-0.42784937
-1.99391186
2.87410597
0.65611866
0.45158507
-0.72262054
0.16201189
-0.04672393
2.79925776
-0.05820265
1.36855564
1.89883570
3.10502872
1.70432063
0.52279553
0.93466662
-0.74142293
-0.90470896
1.57675059
0.70438350
1.88424104
-1.18012955
-0.07313554
-0.19663396
-2.46853997
1.71777038
-2.14056139
1.14624952
-0.13874990
2.98541166
0.35005814
0.23036775
-0.82745301
-0.01693845
0.21802431
-0.11614887
1.12094498
0.68450735
-0.67208002
-0.24624445
0.66540821
1.37762630
2.09347429
2.10767842
1.76817834
2.19848904
1.60035653
3.15231920
0.90185472
2.71574672
3.55301848
0.35615831
0.93258764
0.86387234
0.24910675
1.98932715
-0.23013758
1.47624343
3.77179932
3.36379012
-0.36703386
-0.02448803
1.06908741
1.21858501
1.18938957
0.71288177
0.07418643
1.36021850
3.16170177
1.04747167
-0.03439027
1.02470269
-2.01827651
1.45196888
2.39479225
-0.96492314
-1.56558876
1.99177911
0.41146099
-1.09575719
-0.28223705
2.37181256
-1.74775471
1.14155585
-0.95589123
2.11227251
4.63853677
-0.34798472
-1.52447561
2.08840639
-0.06132836
2.17240258
3.68293935
2.89397334
0.37173161
0.47812654
-0.41652448
0.52748778
1.30483120
-0.49079452
0.06893614
1.30093990
-0.69198640
0.41879663
-0.46474266
0.98033475
-0.65798485
1.46803660
0.41185677
1.15256078
4.61196985
1.40023126
-0.11084297
0.59429486
2.10228708
-0.80440923
0.08199731
-0.71071754
0.41950051
0.10139303
0.14198486
3.42808585
0.33737794
1.59936602
0.45191752
-1.83511332
2.69657204
-0.16333941
2.81556621
1.03704719
1.37902509
1.57489958
1.17179562
1.47384662
-0.58984464
3.22200149
-1.26772423
1.03752151
0.71756947
-1.65834674
3.26544894
1.71255659
-0.19239723
0.28854100
-1.74487396
3.35160807
2.83452214
1.22762661
2.63719594
0.40877314
-1.90073860
-0.60197499
2.62443971
0.13011953
2.12890900
-0.40458894
1.60542247
0.36274540
0.88475903
0.60677289
1.98777632
1.10908430
-0.73829771
0.02204056
0.98121841
1.99414532
2.15860890
-1.51536419
2.28257995
-0.03574738
-0.83817337
0.26896759
0.33054015
1.51440824
3.89398397
0.32584897
-0.09031818
-0.89909746
1.60656261
1.49113511
-0.53427541
-0.70528137
0.09188727
0.92915951
1.39943498
1.03895852
-0.68374430
0.83707887
1.41219352
1.48363777
0.19544980
0.12630947
0.44517136
3.24988416
1.61583260
0.35121884
2.71997912
0.71578848
-0.55208281
0.45637563
-0.52968328
3.32012155
0.22943335
2.13101020
1.46807169
1.47657226
0.91336757
0.60467376
2.95769167
0.13417185
-1.22762003
2.09947953
0.44840237
-1.08464814
1.90552898
0.36012457
2.37807912
0.11405864
2.61848252
-1.81998102
0.28159432
-1.60241779
4.36378639
-0.90531310
2.29596074
0.75981996
-1.65685456
-0.79940876
2.13695620
2.28367234
0.98015234
0.64260401
1.12566171
0.51255975
2.43633580
4.18074525
0.65165864
0.75716666
-0.96936782
-0.98529291
-0.04396805
0.81330022
0.85168664
2.92392704
3.09821115
2.51539192
1.88112063
3.01976301
0.15130048
-0.68715094
1.67042599
1.35261858
3.12663003
1.65198592
-0.67610284
1.44896449
0.15595673
-0.20570351
0.02048939
-1.71358775
-1.34683634
2.93679157
0.27781179
0.55326510
3.28434883
