5.13697874
3.00749564
3.98130731
1.31404205
0.16746546
-3.31377238
0.77815752
3.95956676
0.53999895
-0.89551444
-0.82359565
-1.55271176
-1.42562361
-0.87021160
3.78754906
1.47683136
1.56552605
-2.31430149
3.51242514
0.18121247
-2.20520598
-2.23226894
4.23648519
4.19822373
1.41159319
2.45852777
0.37933796
0.73243013
1.58016702
3.09344102
0.22708123
3.00306637
3.45005941
1.20090774
-2.09654946
5.01565303
3.66959810
-2.05788810
-0.86230372
3.66823653
4.23128019
4.26734254
-0.59002739
5.20081546
0.79706440
2.60212310
-0.40685730
1.01279514
4.99354416
1.31782684
-2.86666520
4.42757645
-0.12167852
3.53886095
4.53074997
1.06855580
-0.91962270
1.96747858
-1.43262670
-0.60277768
3.29272483
3.87728226
-1.35944131
-1.18792946
-1.10515052
1.34218759
6.15967215
-1.05894580
4.83124821
1.66884136
-1.09327429
1.55962925
-2.30737015
1.91420884
1.59979203
4.16378756
1.47554685
1.89062017
0.72616543
2.93865769
3.59087390
-2.07358637
2.93019768
7.18632622
-2.33236240
2.29066303
-0.33435087
1.91947538
3.42417403
-3.08025290
4.13824257
1.41684132
1.59926611
2.01411821
0.90937391
4.86931279
2.47197589
1.16195313
4.82080475
-1.31642126
0.90352041
1.38645058
0.51708577
-0.70272938
-3.38187419
4.56337510
0.95830296
0.85651652
-1.14482497
0.56470917
-0.26481535
4.21190993
-0.20791926
2.15422186
2.87982036
4.84127824
2.81054443
0.56077707
1.42704461
-1.35208255
-1.16653403
2.70181563
1.16769771
2.62874175
-1.97201858
-0.10537916
-0.53011777
-3.74054524
2.78641756
-3.42453507
1.65406354
-0.13107825
4.74837867
0.74836088
0.18462286
-1.37676212
0.11435534
0.49421224
-0.14870523
1.78633533
0.86492563
-1.16572689
-0.15694843
1.31312066
1.48370259
3.68186117
3.67135938
2.87573595
3.41047536
2.31277607
5.49727106
1.51414878
4.40068290
5.11869495
1.08269399
1.39440566
1.65567785
0.89341536
3.01238488
-0.54014957
2.18335964
6.11153370
5.48049961
-0.44485486
0.10949280
1.56069788
1.93748026
2.17088770
1.58374012
0.24959322
2.20080220
5.29459779
1.49404914
0.09728893
1.69913723
-3.89323536
2.42206763
4.27579696
-1.64506586
-2.63442829
3.22073439
0.55997988
-2.08950838
-0.56626423
3.76431541
-2.88771663
1.65236271
-1.47714982
3.51616950
7.14927771
0.09290259
-2.28138637
3.46169597
0.32202320
3.84298610
5.02863564
4.87027059
0.55932516
1.09726162
-0.49894706
0.86294183
2.52992024
-1.00137312
-0.09336619
1.59203974
-1.09902959
0.66787402
-0.71785421
1.55058956
-1.05070765
2.79356648
0.34622166
2.31807948
6.77281727
2.46211964
-0.23446495
1.05781185
3.32467938
-1.49441200
0.13094065
-1.76276037
0.46898182
-0.03283434
-0.08746161
5.54366930
0.45561474
2.56591768
1.26909979
-2.96796954
4.70165553
-0.15802854
4.45762886
1.77918575
1.98766975
2.38067492
1.99407017
2.39412563
-1.03495785
4.89083193
-2.11224604
1.45669156
0.77312443
-2.85672722
4.93061473
2.96247287
-0.33984911
0.51055542
-2.80728656
5.10852317
4.40746609
2.33229353
4.20264469
0.45784009
-3.29551300
-1.30937959
4.33798429
-0.04355927
3.24505992
-0.60719130
2.47352381
0.01438026
1.30429629
1.07675347
2.91060941
2.45397907
-1.44682200
-0.08500925
1.55277536
3.50723594
3.50798519
-2.07592471
3.53464977
-0.10304548
-1.28736602
0.43972947
0.55159739
2.41566735
5.80404237
0.67712096
-0.46335003
-1.30959150
2.63189590
1.98871018
-0.39726030
-1.15574184
0.37078078
1.54098874
2.43868224
1.98277596
-1.31990289
1.41860844
2.25388267
2.56193806
-0.29159437
-0.17330236
0.64013867
4.48495563
2.54341875
1.52124889
4.22205606
1.18611527
-0.56440507
1.02175885
-0.55704838
5.13537504
0.26630658
3.28269915
2.41930977
2.76582945
1.40279048
0.98464501
4.59555915
0.20608984
-1.85161154
3.18419984
0.81252455
-1.84183014
3.20767248
0.83613073
3.88637621
0.37193757
3.70505665
-3.19065573
0.49652064
-2.53873231
6.46784543
-1.46620853
3.59082639
1.26559662
-2.69978130
-1.61926883
3.65367291
3.52546810
1.50500553
0.97406668
1.76925670
0.39112957
4.05619769
6.24662431
1.16752184
1.32872326
-1.82851647
-1.19324911
-0.08068241
1.29213016
1.38304385
5.07178455
5.08815574
4.37887505
2.96949961
5.34861013
0.29389254
-1.21623938
2.80816103
1.75196108
5.10042261
3.00884253
-1.05297954
2.53156986
-0.32334618
-0.13726959
0.14398461
-2.52735829
-2.33637653
4.40973602
0.55541744
0.87792617
4.88634188
