2.33147317
1.51768817
1.99715413
0.58464536
0.06773203
-1.62472033
0.31673791
2.12607830
0.16331354
-0.57793646
-0.54109875
-0.59107436
-0.67558735
-0.62097010
1.95160140
0.67988673
0.77516187
-1.07795303
1.67878245
-0.01157041
-0.74398324
-0.97494004
2.18219677
2.33778467
0.52963385
1.32718567
0.21620079
0.73179723
0.90247734
1.66109543
0.13996154
1.71001216
1.73452750
0.56817323
-1.35994958
2.53905691
2.23153136
-0.85999772
-0.32592157
1.84419239
2.26279140
2.00655666
0.01307296
2.31320462
0.38495398
1.58953590
-0.24654977
0.31439877
2.42461522
0.72436429
-1.42106300
2.59161543
-0.14774064
1.92635349
2.75692329
0.60181116
-0.30583486
0.98987128
-0.98252500
-0.11719652
1.41710412
1.93651096
-0.72096234
-1.00603303
-0.56885442
0.58033161
3.25231686
-0.39470315
3.06625732
0.87718555
-0.55861901
0.96687037
-1.44986583
1.00246113
0.80709755
2.18684304
0.86442973
0.97880764
0.26458493
1.69869867
2.12909340
-0.95935146
1.04741285
4.02040842
-1.41036382
1.28359379
-0.04550437
1.25436309
1.89130593
-1.46630728
1.76552306
0.64785188
1.03765708
1.15918301
0.30965999
3.01452794
1.30310910
0.73330747
2.64383533
-1.02550506
0.71800015
0.97333081
0.22904176
-0.27512213
-1.59659423
2.34229015
0.53949191
0.30147204
-0.61180662
-0.05458171
0.05045930
2.53930376
0.07912030
1.13335110
1.52480701
2.67893417
1.36808339
0.48260516
0.72432497
-0.58205173
-0.89093532
1.24184654
0.52816596
1.77969390
-0.87543193
-0.07103841
-0.09881898
-2.01800745
1.34809475
-1.73020222
1.04680432
-0.09121822
2.42460962
0.25222655
0.13318588
-0.69868925
0.00694889
0.14059722
-0.13258902
0.96877890
0.67739117
-0.63047467
-0.30053502
0.46762982
1.37859976
1.71217285
1.67958886
1.48263334
1.88632046
1.37618380
2.52822067
0.78145509
2.29542326
3.07910330
0.17066555
0.72822881
0.63804002
0.07365481
1.69130903
-0.11317232
1.32055776
3.09863820
2.77143102
-0.41962477
0.01099899
0.88538287
1.11174353
1.07613050
0.39713943
-0.00109725
1.12365523
2.47481716
0.75728312
-0.02966531
0.77508201
-1.48875423
1.18202583
1.88016891
-0.77001504
-1.26805159
1.68653189
0.35300487
-0.84305882
-0.16061676
1.97898784
-1.41828664
1.02659246
-0.80519693
1.73073353
3.89929898
-0.60783040
-1.26201349
1.68750686
-0.13149491
1.63647793
3.34978196
2.33313650
0.30624660
0.30709890
-0.42825132
0.41709066
1.00084666
-0.38770499
0.08728463
1.32773276
-0.66252914
0.34567120
-0.42468945
0.77090416
-0.61680070
1.12857249
0.49165085
0.74416045
4.04003171
1.08958672
-0.09577814
0.44230979
1.88805122
-0.59725362
0.02313222
-0.52226555
0.40659354
0.18765000
0.20151056
2.71311199
0.24765704
1.32417095
0.23263239
-1.54850475
2.12209344
-0.19464664
2.27850023
0.85035650
1.28657027
1.34171740
0.91164843
1.40536523
-0.52090536
2.71403755
-0.96877024
0.89174402
0.63941418
-1.32615570
2.76527311
1.30315881
-0.12430091
0.24852221
-1.43860117
3.02377574
2.40932689
0.88428337
2.16467687
0.49094827
-1.50956816
-0.43089546
2.20556245
0.12059422
1.77787165
-0.36387885
1.33822231
0.42030191
0.75070655
0.49846738
1.70640661
0.62897335
-0.57644751
0.06186697
0.71936890
1.49102009
1.74871733
-1.17700915
1.90919096
-0.02831793
-0.74277222
0.29314952
0.25846805
1.30521579
3.28922948
0.22929704
0.00914403
-0.73868637
1.35838716
1.35709149
-0.59008395
-0.65405894
-0.01240454
0.94609310
1.08918327
0.67596349
-0.47198029
0.64148631
1.23460603
1.11973044
0.38276339
0.20393904
0.43479892
2.80310669
1.40649290
0.17983515
2.30601763
0.58499313
-0.61454362
0.21259940
-0.50207751
2.72243114
0.27842592
1.73678200
1.21322433
1.15102627
0.80787293
0.47951485
2.46670135
0.12613673
-1.01604413
1.76440291
0.37595351
-0.89674418
1.45700961
0.31717543
1.94799987
0.02409212
2.21343257
-1.50113732
0.21671072
-1.22056885
3.65005986
-0.75040396
1.92089183
0.58666020
-1.29112803
-0.56719800
1.64914354
1.87376667
0.87970078
0.52503628
0.93583466
0.49614881
1.92502312
3.38167877
0.44038554
0.55276794
-0.76436344
-0.95854426
-0.02923404
0.62723068
0.65882280
2.29157140
2.53120621
1.97468536
1.52390332
2.33577367
0.05089754
-0.51193753
1.38462778
1.06029517
2.54673257
1.30532433
-0.60855886
1.24845148
0.26179885
-0.22128653
-0.00202068
-1.45538861
-0.99896761
2.40237498
0.32933947
0.44420038
2.70079871
