-0.50491636
1.42770264
2.61448421
2.06131359
4.51404316
1.69902069
-0.89795521
3.49689724
-0.27875550
-1.15586056
-0.54274397
0.41203382
-1.95109379
-0.63829333
0.06189950
0.67901408
-0.02267036
-1.43973254
1.30596104
2.33045115
0.19095604
-1.06131336
1.18916969
2.48565628
0.24988201
0.46294519
2.58526635
1.06697537
0.36624462
-2.50912442
2.90238666
2.70647997
4.07908074
0.69563318
1.17787722
1.51554815
-0.80744307
0.78339301
2.23122332
-1.07374845
1.49403637
-1.62153216
1.26993838
-0.98556980
0.50151845
2.07632628
-0.47327144
2.17362814
0.85653219
1.41896194
0.96866736
-0.06686887
-0.60633074
-1.64689392
2.19620424
-1.46745102
-0.26254353
3.14753455
0.37595836
-0.09425251
2.63068128
0.02140215
0.84084104
0.57995515
0.53095374
1.30648522
3.53563185
-0.43796204
-0.77484852
2.23568113
0.50182776
-0.36484032
-1.50706685
-0.02131364
-0.20861034
4.21615245
3.46371196
-2.05332323
2.92062060
0.32437120
-0.87395384
0.77528589
-0.16974974
2.13061707
-0.24359835
3.35324045
0.10309350
1.56401763
-0.44253571
1.35446174
0.00447396
-0.90490914
-0.20485814
0.96049653
0.23411314
2.00252063
-2.61072713
-1.46929765
-2.15509768
-0.32887849
3.56415662
-1.07523133
1.85678867
2.21097961
2.01521002
3.06286772
2.32938103
3.72132482
2.69067416
0.74067581
2.97999620
0.42588146
-0.77930113
-0.86898175
0.95847948
2.84549374
-1.02470246
2.53104191
1.61735147
0.16031847
-1.00814642
-1.25843840
1.54768809
-1.60407859
0.33932830
1.83258381
-1.70037218
1.76396462
1.80578106
1.81854290
3.17243619
3.15669410
0.56067600
1.46454048
2.02053179
0.40488298
-0.74499445
-1.03047502
2.34746892
2.58825039
0.26223216
2.39298451
1.53071135
-1.68584105
0.47621460
2.85101869
1.42421895
0.36981716
-0.92659640
-2.42419244
0.14703239
2.40201924
-0.30624050
0.01641434
-0.49103430
2.20656814
0.20860394
-0.45231567
2.89934461
1.87224198
0.54701625
-2.23307021
2.99537001
1.13295279
1.44616023
-0.57067779
1.49432832
2.35787954
0.94489640
-0.25843895
0.56905170
0.86808474
1.20830252
1.30220517
1.01101373
-0.73076420
-2.24166878
0.29872781
0.99672056
-0.20949372
1.02443629
3.70539699
-0.27360093
1.09099725
1.27782573
2.43913490
1.25080675
1.60395756
1.71516459
0.76773808
1.08705848
0.78800178
0.66500552
-0.24407472
-0.34900327
0.93285639
0.79892948
1.62760384
-0.63308638
-2.16538002
0.84385562
-0.39040579
0.22981068
0.37367389
1.37087757
2.88589740
1.13219944
1.63352393
1.88670210
0.21900395
0.22575297
-1.92495555
1.28339399
0.54377345
0.90537767
-0.00156920
-2.23821447
0.56438168
-1.15429064
0.13679742
0.50916381
2.79118807
0.79876297
2.36438380
0.94738473
0.26868241
0.75653926
-0.15997367
-0.72149130
0.88784482
-0.16381092
-0.69524604
-0.51825153
0.99075641
0.46217864
0.19237090
2.16887351
0.12527049
2.03314450
1.49039587
-1.50412395
1.89785933
0.28592890
1.08469095
-0.64095050
1.18840933
-0.81105117
3.06738400
-1.07504040
2.52531673
0.79898530
0.10601396
0.21382182
1.44236764
3.03446177
1.35806011
0.40239385
-0.56002759
3.41090452
2.24987665
0.14379380
-1.70936085
0.74425514
0.89416902
-0.75215326
-0.64924620
-0.66368095
1.54783610
2.95702256
-1.43951812
-1.12749744
1.56805619
0.16573196
2.35356144
2.08912149
1.45105367
-1.62836506
0.86676986
1.67222302
2.11813598
2.32895610
1.64925455
0.78167221
0.58367992
0.50773274
1.53367684
1.12913469
0.24507750
0.96921691
-0.71285569
0.17734164
-0.08630535
3.49290796
2.51240841
1.13739716
1.93295483
-1.09869628
0.94103443
-1.99454036
2.26812421
-0.05786670
3.49763485
1.16717148
-0.16347658
0.79898662
-0.70712396
-0.40896152
0.21406113
0.40485628
0.80843657
3.61958588
-0.40180764
1.23737890
1.28532320
0.24674101
2.15568513
1.51337149
3.17939158
1.45455272
2.14184359
1.38091538
1.66393857
3.62676396
2.29997311
1.08238893
0.86324286
-0.18699616
-0.15935400
-1.65735724
1.58593576
-1.09453919
2.47672920
-0.97863596
2.38041290
-1.00119699
-0.82902222
-0.41754647
0.79304373
0.15091446
-1.65765228
-2.23191835
1.53679155
1.61115059
-0.08620349
0.46294519
-1.36876110
-1.10501426
-0.19203705
2.41276567
1.10477197
1.40715177
1.46021133
0.87026873
-0.06025540
0.51477274
-1.91482106
0.40257675
0.22779501
0.81360883
-1.18115385
0.56048201
0.12303452
-0.43258986
0.19422888
5.07482003
2.84886426
2.23560824
0.48942323
-2.47343766
