2.02775440
-0.83351428
1.63865016
0.66350718
-1.66564023
1.14775796
1.48765910
-0.38364097
1.84165073
0.21441994
2.69896808
1.32009396
1.54618408
2.82440148
0.61943051
-0.28146633
1.29842594
-0.63923346
0.17450987
-0.57837872
2.42331100
2.22412986
1.62127288
-1.67728218
2.76665173
0.92527952
0.33554706
-1.76630480
-0.33256381
1.49926254
0.16219100
-0.95243698
1.34247853
1.47651027
2.00901588
2.23591956
0.28898828
0.54597759
1.68245133
-0.17687697
-0.10307364
-2.70992234
0.87936602
-0.64824686
-0.53346180
0.46922316
1.52764070
0.12156227
1.20501279
0.98967134
-0.07401609
2.11896152
1.67476114
0.37433705
1.61170178
3.14338498
-1.50084328
-1.61176828
1.87002738
2.28938770
2.48140648
2.75205615
-1.72370648
1.54086775
-2.25026290
0.92324136
-0.46997971
1.68897019
2.35934602
1.19659542
3.61116993
-0.40924143
2.16791620
0.07945016
-0.88809658
-0.19666012
-0.61179785
1.19221657
-2.13069699
-0.24612145
3.05200276
3.79428858
2.51356624
0.22992616
2.47253985
1.48844264
1.50034608
4.56862280
0.13852401
0.48823907
-0.65919230
0.05007457
1.46301480
1.09854570
1.08875923
-1.06590318
0.67335062
3.43469776
0.16844349
-2.31146835
1.76790564
0.54188171
-0.94542139
0.99342330
1.29963300
1.71773643
-0.79089472
2.24263919
0.70859046
-1.53566157
1.31963726
2.31297967
-0.39734438
-0.24547198
3.21586690
0.19626207
1.32295003
1.71816528
2.18870402
2.71006342
1.14166624
2.07542565
1.30455037
0.71737816
-0.19542830
0.22758366
0.75539609
2.79240804
-0.91184408
-0.45821036
-0.29850617
2.95804815
2.85987553
1.32299888
0.11634580
0.87284228
1.66517326
-0.08656418
-0.35860270
0.56656602
-0.27100972
4.27191068
0.74653572
3.43296973
0.47800852
3.45642533
0.53028269
2.86096555
0.45008665
0.56643704
2.71904901
-0.26714499
1.25379938
-0.08634686
-1.17702525
3.43068978
-1.11331409
0.26316137
2.15337905
0.27675028
-0.30849966
2.27223656
-0.49461017
3.90637690
-0.19451953
1.33081129
-0.62797366
0.38211994
-2.70967615
-0.42597165
3.17321185
-1.10574053
0.56827632
2.08348178
-0.50911778
1.31717710
1.53522026
1.63768745
1.58406564
-0.45709519
1.50169294
0.30251050
0.48877996
1.82924137
0.26559321
-1.75559458
0.42391630
-0.70873039
0.89949745
1.78761734
-1.10204261
-0.14470459
1.65693105
2.10306703
-0.84954717
2.37843847
3.29840771
1.64353294
2.34927005
0.67853839
0.62175068
0.49864307
2.82915274
3.42924168
1.74502859
2.62677333
1.21807903
-0.23314713
0.78696664
0.17722566
-1.59096019
1.93224541
0.33442607
1.49771861
0.29688576
1.56684911
3.51815950
3.39442890
-0.04156493
0.66199318
0.73937910
1.56295836
0.16159933
2.31206566
-3.35854455
0.47191298
-2.25601628
-0.87557510
1.50323609
-1.16323686
-2.07753861
4.02548368
1.32631516
0.62706340
-0.44746187
-0.89504774
-0.01116274
2.36244233
1.60502352
0.14355784
-0.42654640
0.53013938
1.38703153
1.81149550
0.08146056
0.27691023
2.70266727
-1.11614490
0.15000077
0.37112422
1.12872152
-1.70984554
1.70077593
-0.53478973
0.87298727
1.06622498
-2.07541534
-1.05049454
3.09958664
-0.80009561
1.30204752
0.37587335
2.43962043
1.37940914
0.59620800
1.20423939
-0.15868815
0.52780291
1.55245493
1.36381142
2.47027902
2.67986730
-1.35033993
1.72729205
-1.05587087
-1.26810089
-0.51126681
2.98130628
-0.03218494
-0.88664459
3.32644590
-0.22700680
0.94319040
0.31298276
0.71320486
0.16026183
1.47947091
2.02299333
1.30522433
0.57455140
2.87684904
2.00221905
-1.37971702
3.60435800
3.15235709
1.93748020
1.63914024
1.01369644
-1.58149265
0.04210739
-0.75486120
0.05588362
0.85100551
1.69992986
-1.92803430
-0.74314837
4.05213338
3.65316973
1.09895996
0.79249602
-1.29409385
0.34423678
-1.49104072
-2.28400940
0.82644135
3.86952931
3.97045212
-0.16231791
1.46378638
-0.17040185
-0.88591529
0.62964369
-1.51902041
0.91558203
1.77268330
1.57032853
1.22637993
5.67523086
2.55720655
3.15422739
4.00514475
-0.88108882
-0.63848010
-0.19191624
-1.26954379
2.37278659
-1.09467462
1.33112539
-0.27585769
3.05157068
0.39290162
-0.99916816
2.86606344
0.03634461
-0.33051780
2.33751526
-1.12386994
0.43701488
3.71422401
0.86976732
0.39954237
0.02262016
0.47105185
1.91036646
-1.14666884
2.74664441
-1.67408306
2.73428696
-1.51069232
2.88559217
-1.06773171
3.51623742
2.29508754
2.94005704
-0.14351606
0.32872413
-0.11233282
0.62191920
1.47280027
