3.13111730
4.00928432
3.15312416
2.52271157
-2.83156518
-1.94479579
2.43453851
-1.62762278
-2.76114658
-1.95062584
6.46036671
-0.97113327
-2.11771223
2.58101114
-0.18470476
4.31187755
-3.99741286
-1.16092109
5.51437116
3.08286892
0.98069042
-0.86245133
0.62252670
4.22736178
2.27221704
-1.63334919
-2.03427771
-2.16658013
-2.59165665
5.78136415
4.64654831
5.21133086
4.01559433
-0.17793628
2.09218639
0.12277681
2.02265654
6.07437049
2.08691422
2.85642166
4.52073466
3.66909652
0.20708781
1.13103792
0.99087544
-3.01287141
-0.95953491
1.86823808
2.75032581
-3.04088133
-0.06375637
2.94254118
4.74476543
0.98807456
3.84331649
0.06908529
-3.69828395
-1.24340983
1.80932438
4.83090655
1.29370981
3.49352091
3.00944570
3.43262669
-0.88268618
1.98619224
-0.01645977
6.92043219
2.99456901
2.64458537
4.20297013
-1.96653119
1.76972257
-3.52387572
2.15415019
-2.85129938
1.00396215
-1.82066694
-0.47221893
5.54971194
0.67422102
3.18787180
-0.97071833
0.80770860
-0.85791704
1.19032977
1.46853951
2.09688389
-0.94973336
-1.45196686
-0.94367859
-1.52583599
0.73292350
1.78569880
4.19883107
1.07233007
3.26589421
6.08603717
3.98428030
3.90748337
2.90392258
-0.10196520
2.24003554
3.07706141
-1.67361136
-1.20468235
-1.15388074
1.07489420
1.53378551
0.81938697
4.75065794
-2.97189375
1.76736743
-3.09859881
2.68241540
-0.71853887
2.88046362
2.10071952
1.59150441
1.53422657
-1.08505288
-1.63880159
-2.01610602
-0.09402635
5.79499857
1.94992452
2.97818479
1.38934757
-0.64907479
3.85817474
-1.27656811
2.10880059
0.97897233
-1.27521192
1.14142730
0.98859376
1.88255971
-0.03852509
0.32230587
0.53531698
1.30362537
5.40301891
5.51286307
-0.21425046
1.09694698
2.41710819
1.08066186
3.51340298
2.88196729
-1.14610948
-1.52733850
0.84866254
0.01079535
2.68539301
-2.53219737
3.33064152
2.96428705
-3.15343741
4.31156760
0.01007453
-2.26852813
3.12804341
0.70531921
3.91841404
-0.61653548
0.42722139
3.13344510
0.17785010
-0.24760184
1.59923594
-2.02826876
4.52468390
-0.26764434
-0.15413719
1.02069345
0.82726592
4.70697203
3.70737406
4.50801574
0.04016350
0.47655663
4.63866760
-0.59629171
-2.71631333
0.89518742
3.00762934
1.31358635
1.99394841
1.61602923
3.52211087
2.88156866
-2.13446613
-2.55927186
3.45817205
-1.97512915
1.69209817
-2.01405109
3.41352288
-1.55856815
1.18892012
-2.37877047
-1.45864291
-1.18809357
1.94037081
5.32777186
1.46980403
-1.90656212
-2.96438228
2.86800352
-3.04101753
-2.50039909
4.81781003
-0.23563515
4.29697433
4.29060659
2.16543242
3.27788132
-2.64991849
2.54028415
0.74676281
2.80741399
-0.79663740
-0.62050189
3.73644180
-2.01322235
-0.21581524
0.62023917
-2.35090505
-0.07661766
-1.07561640
-0.49149815
-2.61157476
1.35146274
1.47931655
3.40028144
2.80837093
-2.80888169
-1.20468235
-3.28367578
-2.97948577
-0.68136300
-3.45405064
4.49362439
3.93453862
0.89983765
5.39047125
0.94401927
1.95449174
-1.64617518
-2.77028529
-0.35953166
1.85767688
0.28512750
-0.04822971
-3.32866671
-3.12736374
4.00839143
2.96042004
-2.18113734
-0.30847482
1.71875553
1.13086419
-0.16893927
4.67320451
-2.87488940
4.30928262
-2.71280128
1.74130315
-1.55320911
3.92900637
0.76910298
2.96503794
5.45449709
3.67129892
3.64251973
0.63887907
1.47712778
3.20506060
1.03363667
0.69741054
0.92474273
2.79873365
-1.05924951
3.83283717
6.08687045
2.40795342
2.07613614
-0.60943701
1.93399183
2.54563936
0.10174898
3.45511741
0.51097663
4.97583925
2.90548912
-0.93860248
-1.78991131
9.38722679
2.99173434
2.22598444
4.28701502
4.62238123
1.94822611
-2.92384905
-0.93134578
0.34565646
-0.20011482
6.04116261
0.74303826
-0.75720782
-1.38194530
1.76315448
-0.50939643
-1.10586040
0.74421239
1.86968993
2.48167926
0.71384825
3.31148108
2.93309740
0.89089533
3.59555823
-2.17306539
1.60521599
0.27048116
2.55513771
3.84880115
2.98837457
4.41518902
3.64002897
1.79117201
5.06537192
5.44790455
-0.05486301
1.20960377
3.54090728
-1.50366491
-0.62407771
3.77511645
-0.02277361
2.43514464
-2.68653570
6.14734249
2.93754579
3.83724336
4.08292944
0.71598226
-2.41185251
-0.48224448
-0.43815500
1.00910878
0.93158971
2.48561121
4.44914408
3.38955312
0.63887907
1.33334973
4.02617656
1.26336653
1.84959003
2.67500003
-1.21651387
3.26303333
0.98562055
3.07313472
0.24644063
-0.23578504
-0.68504673
-2.73365568
