-0.30323661
0.29105872
-0.35415427
0.67956394
1.57403129
-0.36624044
-0.12669896
0.67630409
0.74101386
0.06988712
-1.47109671
-1.71409015
0.76576067
-0.04106237
0.56605422
0.83607731
0.01051454
-1.07710474
0.52257681
-1.34193802
0.67851966
0.07889520
1.07791387
0.45938143
0.34543571
0.92983703
0.68461533
-0.32382298
-0.00046521
0.77753425
-0.16880206
1.55074867
-0.34314103
0.18189549
1.13336454
1.13847108
-0.00996965
-1.21335837
0.66307014
-0.18981057
0.01262752
0.80149040
1.27199724
0.04674533
0.60683919
0.61949650
0.71955552
-0.31997448
0.32343631
0.11810303
-1.10316853
-0.02021580
2.01877615
1.06969770
0.31422068
0.72811083
0.52550222
-0.22549061
-0.33518564
-0.00270749
0.34015575
-0.50112748
-0.39814307
-0.72486088
-0.81481969
1.43964468
-0.45011052
0.73853648
-0.39233851
0.06633948
1.13416191
0.99671592
0.08443183
-0.53122496
-0.45410579
0.14218192
0.57850012
-0.34438234
0.99282430
0.83025148
1.14730644
0.07096593
0.87778896
0.71865447
0.12994366
0.12875137
0.76913961
0.12974173
0.59061237
1.99824786
-0.01074280
0.26175946
0.55748760
1.40012136
1.10977418
1.68594449
0.92459995
-0.28139295
-0.26643828
0.88730668
2.57586488
1.10799018
-0.43247555
0.56311862
-1.41523876
1.35062841
0.08618535
1.13178082
-0.52412942
0.78943505
0.48160905
0.91164815
-0.02722703
1.99772553
2.07920892
0.35691486
0.89475184
0.94359270
-0.19674977
0.87308855
-0.15475197
1.19318695
2.04080881
-0.27991472
1.22473841
0.35518322
-0.29708325
1.44402002
0.75275834
-1.17417840
0.01262752
0.57870351
1.60632203
0.86874832
0.69038815
1.85516829
1.93473745
-0.36749921
-0.24186702
1.08499461
0.03877079
1.68795655
2.33543969
0.97719982
1.27507670
0.73358830
1.04813044
2.05184506
-0.21240167
-0.13227615
-1.19759825
0.21339514
1.87184857
0.85768741
0.17778498
0.58017326
1.37212370
1.60087719
1.16612242
0.42549985
0.74054263
1.26670523
0.39054779
0.79334993
-0.83519810
-0.51305915
0.63566465
1.50987729
0.29227500
0.20599673
1.08580172
0.61320971
0.15211586
2.38932604
0.11712586
0.51151124
0.55192862
-1.03575898
0.85060719
1.03643294
0.65950090
-0.16175200
1.17962987
-0.13120186
0.85137003
0.39941802
-1.15056852
-1.02133510
0.06350524
0.92960522
1.59376518
0.65504596
0.17652678
-0.72232115
2.58886537
-0.94328740
0.06283295
1.33665953
-0.58986564
0.09637063
0.77097591
-0.10590207
0.12610807
-0.11780963
1.09958356
0.59810820
0.01608293
0.65884116
-0.19806871
0.92281696
2.34758234
1.42860252
0.93479911
-0.28749978
-0.94384452
0.60015972
0.92886823
-1.32749439
1.49826423
-1.10007895
1.02256233
0.65766253
0.91587245
0.01074869
0.62757461
-1.10297777
0.46315983
0.93303434
1.52140202
0.14284982
0.31028614
0.39201308
-0.07964974
0.84593667
-0.31369432
-0.66004454
-1.13320016
1.56417788
0.53387059
1.35724511
-0.26098494
-0.11977170
-0.60090469
0.32715247
0.28003943
-0.00430759
0.31324789
0.60182709
0.56733606
0.43515787
0.40750943
0.48292340
0.91354769
0.65412036
-0.06975443
0.66830700
1.81113665
0.18121278
-0.54886533
-0.73027679
0.08600349
1.74613208
1.95871086
-0.19646472
0.23592436
-0.09500436
2.77251123
2.55698838
-0.24966173
1.86776710
0.53464772
1.10268956
1.06830663
0.05192187
0.37774548
0.13083486
-0.82963899
1.73447217
-0.12367854
0.44919965
0.96268192
1.11677147
-0.95662703
-1.51402991
0.10621657
1.29803179
0.56152475
1.63466872
0.10548526
0.15087823
0.06556511
-1.34713858
0.95776560
0.01835137
-0.25304526
1.97761814
-0.23471100
0.23866040
0.76731604
0.61200813
1.75601685
0.73910894
-1.02690265
1.37356564
0.71516227
-0.34077643
-0.13664076
-0.30359727
2.17174026
0.08538955
1.31223135
-0.45410579
0.78409781
0.92031757
0.39387387
-0.30772553
-0.74383589
0.76741558
1.39267136
0.31872205
1.59430016
1.61169716
0.93605268
-0.25609354
-0.03410614
-0.00705889
-0.52860425
1.13677435
0.24271980
0.92085589
0.72525116
0.07627101
-0.33942223
1.78841715
0.31418938
0.47586795
-0.52284575
3.42872473
-0.54020978
0.83266333
0.05531642
0.18179157
1.67476759
0.74367735
-0.15740523
-0.24993538
1.23263612
-1.01930347
0.51086288
1.37959163
-1.00096550
0.95187963
-0.47160875
0.39062680
-1.48338761
0.62086881
1.13466578
-0.42245140
-0.59411802
0.12124602
-0.13516832
-0.73312313
1.31648104
0.13323935
1.60617090
0.01962127
0.42527049
0.03246761
