4.44231285
1.10483157
5.74043331
4.38357431
2.08186412
-6.86015588
3.25865944
1.46057823
5.27812358
-1.09558930
-0.49035151
0.52509175
-0.28012571
5.83701626
4.42267138
-0.72270437
-1.08595667
0.22337779
-0.77973216
2.53468585
0.78841407
-1.12001700
-1.15440393
-0.34639853
-0.47062511
-1.07983771
-2.64336381
-0.13942659
-0.65862559
7.20726494
4.01963729
-0.98659664
2.00032593
5.60090242
1.43354156
0.60279848
1.96290122
3.92304859
0.07336438
-1.76787775
4.02730299
3.05208989
0.23946088
2.20796382
1.14001358
0.96402555
4.55142038
1.65997949
5.01354919
3.45150023
5.03596601
-1.06563840
2.72820693
2.73379137
1.43067293
0.30228505
-1.25452108
-1.55370676
2.18668996
4.02132082
-3.09722768
4.97150413
2.38258563
-0.43946802
1.06226477
3.13356484
4.25497479
-1.99178970
0.94835288
0.44774571
2.72539116
-0.13322140
5.13716724
4.01550983
3.00543727
-1.88559130
-0.02876227
3.15591347
1.97093705
-2.27456357
-1.63991001
2.60868061
-1.31776735
0.13164517
2.59651482
-0.63224603
4.77615116
3.70777384
2.95510025
3.71815379
-2.81670584
3.76035755
2.61794609
-2.71008750
0.93322130
-0.64378356
2.07423357
-0.62488758
-0.18280751
3.96118400
2.68963919
-0.82851210
1.35836230
-2.12419695
0.82086645
2.91093144
2.64970264
1.92886068
2.65499417
3.13256589
2.87266222
3.08712163
-1.52566392
3.51634681
3.88145215
4.94201340
2.90153097
3.50614936
-0.30246575
0.86014421
3.52400753
2.36599605
3.97732606
3.27864845
0.97409791
2.38305772
0.89498297
5.02017093
-0.33593388
-1.16334490
2.65538793
0.89565202
2.34046806
-0.30879679
-1.04787571
1.45585410
4.75065514
-0.28976181
0.12212292
0.69377668
6.18210341
2.63407318
2.51656184
5.77794924
-3.15398422
-0.04719216
-1.61121397
-0.07674693
2.07242759
0.93124386
0.96642749
0.48727241
-2.17941418
0.40349123
-1.94617277
0.63086052
-0.97552550
-1.23674744
1.78609667
4.51048585
0.33552057
5.84154536
-0.84162282
1.44831988
-1.77425351
1.98168027
1.57818391
-0.70239610
-2.47015273
-0.91574451
-0.52751474
2.65544678
-1.90187915
4.99633613
3.63306903
1.58378190
-0.92026484
2.04457389
-0.05847245
0.79549077
0.37098664
-0.69756395
2.26272948
1.06232931
4.12579432
4.79540968
2.32758458
1.92439547
4.38551418
1.70827636
-2.07235922
0.61133615
0.44351646
-0.30697688
-0.26568557
-1.26206786
1.46460690
3.69128998
0.00811723
1.04178141
1.20018436
2.32758458
5.88194186
4.94466780
3.01155628
-2.87892623
-0.08821304
5.05285924
3.14278431
1.48476489
1.89230391
2.96449578
5.78048187
-2.04418611
0.03793504
2.71642856
1.71037021
3.73531921
-0.65530454
4.04795630
1.29520501
-0.13082024
1.52160091
0.16048983
4.89028170
2.69041710
2.29054142
-2.92470209
4.91193703
2.54935464
3.42860092
3.27097588
1.74163971
1.67273146
-1.01180494
3.26907312
1.54625726
1.12018224
1.59039100
3.35126557
2.42918132
-2.46733912
2.28310074
-2.84871870
3.15066519
1.54262341
0.43111609
3.68993653
4.04566193
-1.82702465
2.08209776
2.62932391
1.69641266
-2.09322363
0.25644546
0.01519176
3.03377299
-0.08806934
-2.65855416
0.74631234
2.95544927
2.15582004
5.02819521
-3.31008217
2.03879164
2.20973348
3.65185374
2.10175002
2.89929446
4.78732414
0.18373642
4.52342228
0.79452008
2.56449138
0.76245953
-1.84962137
4.75516767
2.89004461
7.03410943
-0.44062401
0.49378066
-1.86656077
1.64718945
4.60860072
-1.34493667
-3.33590896
-1.03702782
3.25941555
6.30834818
1.54360312
1.12495304
3.92506679
2.94047314
-1.85470907
5.52622398
5.55811107
-1.97235510
-0.05974266
0.64458218
1.26295223
2.81377240
3.09545732
-3.64152594
-0.36424370
2.38632093
-3.96648432
3.05025199
3.54333521
1.17446176
-1.44731859
3.27829409
-0.68383636
3.31074215
-1.36479220
1.66181772
0.08768456
-0.28692174
-2.05394215
4.90235438
-1.84196840
-3.08596990
1.90301303
2.63565416
1.71742461
4.75582264
0.22977804
5.49320465
1.01490244
2.33649641
-2.31175931
4.39939280
-1.97446433
4.87802869
-3.07800014
6.15023152
-0.96586509
1.58786293
0.02134552
1.51952555
1.20796607
-1.68417758
-0.14417914
2.96802932
3.38419357
2.97952633
4.21649531
4.04402407
5.35741367
0.29758063
-0.54540817
0.77639039
0.59818770
0.84931197
2.01060324
5.84947864
1.93680787
7.46192178
1.63836710
0.73343607
2.22273332
5.81051969
-0.30314028
-1.64044056
-1.82154068
0.81712193
-1.24845943
2.96431319
-2.35336125
