1.52964438
1.00510784
1.33316207
0.38802823
0.04748447
-0.90323289
0.07519027
1.45924284
0.05671539
-0.38018673
-0.33749863
-0.21571154
-0.51931545
-0.47233901
1.09385721
0.45944086
0.41556956
-0.47742271
1.13691543
-0.05531369
-0.01624937
-0.52145526
1.27261711
1.59055502
0.18349704
1.01655706
0.15491083
0.89921125
0.74721839
1.11734812
0.26125754
1.27669970
1.14083074
0.22745729
-1.05719489
1.62383347
1.62394531
-0.24238878
-0.25123560
1.07029556
1.63574718
1.08864918
0.31569871
1.19800338
0.30829329
1.42986845
-0.00279440
0.21169912
1.49663849
0.44591691
-0.83273295
1.87887227
-0.12575588
1.23118353
2.66428056
0.60242609
-0.09515069
0.70318525
-0.85953965
0.07600317
0.81702235
1.31411322
-0.53253169
-1.00238041
-0.32338249
0.30864086
2.13726643
-0.03330366
2.47474660
0.68311556
-0.24918674
0.82443344
-0.84187659
0.66039237
0.49162021
1.25925348
0.61517390
0.52660861
0.04746842
1.22810021
1.72935125
-0.60615118
0.42437407
2.61120763
-0.95695985
1.03519771
-0.00135793
1.05407055
1.30117268
-0.82287471
0.91506347
0.38485919
0.66900242
1.02020684
0.13374907
2.40150810
1.14178906
0.45832593
1.75127182
-0.86071427
0.76978345
0.96251163
0.29897397
-0.03621765
-1.06611657
1.54410692
0.38969805
0.03350774
-0.46976313
-0.29220821
0.33468353
2.02357131
0.26305034
0.68258147
1.12927645
1.78576376
1.00099017
0.36645937
0.48582886
-0.18858852
-0.71686026
0.75734478
0.31121362
1.39893442
-0.30477200
0.03708543
-0.03392487
-1.16149551
0.76187791
-0.88428207
0.66226824
-0.00308098
1.64005791
0.10354038
-0.09661965
-0.45782448
-0.10901769
-0.01185510
-0.16322077
0.68760447
0.64925234
-0.51371609
-0.14792503
-0.02351361
1.25831573
0.96167350
1.07966556
1.03811484
1.35857910
1.19764435
1.46559743
0.62447410
1.57902274
2.31613413
-0.09576163
0.59891477
0.30153667
-0.01162467
1.26301304
0.00525122
1.08562187
1.96712265
1.73052060
-0.24698132
0.04884776
0.52605788
0.84620445
0.80756677
-0.12868671
0.08664744
0.61413929
1.37587773
0.49439937
-0.16292731
0.59306090
-0.53516393
0.81543316
1.21940796
-0.27417476
-0.70401334
1.07157998
0.38036428
-0.31739436
0.02381144
1.31361136
-0.79519471
0.76882130
-0.46787100
1.14046952
2.75552788
-0.98980305
-0.78927417
1.05811575
-0.20142199
0.74942159
2.43319579
1.32572785
0.20670388
0.11399342
-0.41910159
0.25400433
0.36990154
-0.28290676
0.18952993
1.29908305
-0.48557669
0.40439927
-0.09155934
0.43989426
-0.52329871
0.73637087
0.68529805
0.21716633
2.94574929
0.53908587
-0.20045924
0.24044091
1.44384988
-0.35279172
-0.00740547
-0.22068856
0.66164259
0.37001697
0.34657709
1.60217668
0.02060312
0.79290641
-0.16920444
-0.98139186
1.39182994
-0.12651167
1.42569643
0.61707796
0.95758629
1.14542715
0.32775567
1.30202117
-0.23374459
1.84832997
-0.34752613
0.54387063
0.44662286
-0.56458450
2.09490560
0.66825570
-0.00215430
0.31695892
-0.87467530
2.62291665
1.59526521
0.33882254
1.45727839
0.63568983
-0.76141377
-0.14531711
1.50140140
0.07358399
1.29753463
-0.36901233
0.88397660
0.57482532
0.61410806
0.20962494
1.09340322
-0.31985603
-0.25521992
0.22810942
0.30765103
0.72277743
1.08667912
-0.85500532
1.22872531
0.04579136
-0.32620380
0.18276041
0.15160705
0.96918343
2.39480165
0.07566466
0.20412316
-0.41015290
0.87670608
1.28659801
-0.65614588
-0.26338943
-0.39153862
0.76824901
0.58585676
0.05090162
-0.12549117
0.37539723
0.76338303
0.55058830
0.66976811
0.33332516
0.45748584
2.22581350
1.33574766
-0.02822347
1.52921584
0.45077161
-0.66347557
-0.10963229
-0.32299013
1.71245927
0.35797673
1.25728148
0.79614549
0.33904827
0.67423299
0.34759382
1.60763835
0.14536024
-0.75410335
1.38868242
0.30461169
-0.44209216
0.87431769
0.39491901
1.19830234
-0.09718954
1.58322827
-0.93793405
0.06931784
-0.66678415
3.24727724
-0.40540123
1.17232927
0.45382186
-0.77018172
-0.00469735
0.96986690
1.24359179
0.79685558
0.32214173
0.54678008
0.32674898
1.09071140
2.14932443
0.08912757
0.37532421
-0.44105893
-0.76701875
-0.05164876
0.52096736
0.44907732
1.32391161
1.70182576
1.04463544
1.04695015
1.21941333
0.24416606
-0.19009843
0.98896816
0.84753997
1.59079804
0.74934901
-0.37764685
0.85084865
0.46325543
-0.21882451
-0.10241306
-0.93372299
-0.43846310
1.68790430
0.33921926
0.28982526
1.88078445
