-0.24196335
2.10360563
1.86102700
-0.13785446
2.14444000
0.84741779
0.33670202
-1.04272917
-0.89896488
2.25133400
-1.75125176
1.96709061
1.66593204
0.51810656
1.29912638
0.68808366
3.29311930
1.87957296
-0.70706092
0.12329935
-0.57095321
-0.49549497
-0.12303494
0.91402655
2.20807655
1.10706911
2.73331712
0.32356777
-0.84803412
1.98809147
-0.02468753
-1.35809068
2.90374893
0.94288410
-1.41338192
0.58739930
0.19124074
0.97444802
-0.06293453
-0.69056396
1.73602413
2.37433453
1.93380635
-0.80886887
1.94797147
0.93062043
0.21301228
-0.49062862
2.80952463
-0.36395327
1.50285050
0.58448842
1.81323028
-0.54734352
1.62634773
3.14098017
-1.35577508
1.07039841
1.73210385
0.85888684
2.43230506
-0.66543695
2.21436991
-0.43085176
2.08917790
0.67766797
1.10079089
-0.82089806
1.99988793
-0.59974261
0.81955741
-0.76334182
0.76067359
1.73199079
-1.82328750
1.76154991
-0.32253985
0.61586835
-0.30446621
-0.69598805
-2.04372764
-0.99546179
1.33730342
2.34454586
2.19773879
3.05105531
1.05023715
1.79482700
-1.71895654
0.10991121
1.46891535
1.71070568
2.11827662
2.10756652
-0.10439416
0.42199744
1.21314315
-0.75178079
2.25564389
1.53352174
-0.57707914
1.92232829
1.86075110
1.43758601
2.05805870
1.36868004
0.50514676
0.55169359
1.17631996
-1.55681306
0.13186710
0.42558809
0.37801728
0.34929275
0.75209390
0.85937482
-1.50921329
-1.75430792
0.96617034
1.41830666
2.05095945
2.09731072
1.73518126
-0.75842970
1.34920682
-0.60227970
1.76748407
0.34184233
1.32123803
1.44119415
1.04878936
1.37641036
1.50300985
2.37413208
1.56157425
2.54615075
0.43285548
2.43178359
-1.59458173
2.59450221
1.06462487
-0.73016100
-2.37068882
-0.69913132
2.59745875
1.65518671
0.90889208
0.23036112
-1.47005149
-0.46009238
0.26304945
-1.12463133
1.19998993
-0.90493573
-0.19400445
0.92941426
2.01843955
0.77611634
2.07668436
3.43851495
0.32358960
1.23908320
-0.49718052
0.92765868
2.79918340
0.25648496
-0.56562123
0.67108156
2.53785245
1.78509686
-1.12884708
-0.25311444
-0.95512668
-1.71301134
2.71454130
-0.28575952
0.80473584
3.27904509
-0.30433938
1.34669700
-0.49522483
-1.22300179
1.67685443
1.50895106
0.42037628
1.62905429
1.19218381
0.35421710
3.28119208
1.38098422
-1.00923841
0.30982353
0.74440219
-1.90341055
0.92415101
1.40914994
-1.28621881
1.77884375
0.42288903
0.52482417
0.37616056
0.81748594
0.72368438
3.11819845
0.32951619
1.33701062
0.51884907
2.22435533
-1.21512315
-0.63897474
-1.24548751
-0.36197200
1.81706043
2.57201653
1.25847159
-0.68687706
0.94622902
-0.34939425
0.15450670
3.41627661
0.71192281
1.71268247
-0.61153000
1.44076616
3.02571982
2.72273874
1.43621586
0.03708074
2.20818785
0.99805397
1.67919658
-0.93825725
-0.45468689
3.31209966
1.13631944
0.15267348
2.37801113
-0.54807472
-0.86451385
-0.83675198
0.01609621
2.40121853
1.79095953
1.95578150
0.31148865
1.59149544
0.28074549
-1.70604661
0.58526861
0.26649227
2.04448437
0.63300980
1.42508431
1.67388938
1.38034564
0.26193836
0.97895825
1.34387148
2.97355085
-1.75255022
1.10130643
-1.95199643
-0.04597432
-0.07858587
-0.80590116
-0.57388381
-2.43939214
-1.37589539
-0.99519544
2.03404286
-0.41519526
0.18063593
-0.63694252
-0.56014280
0.92607162
0.77314810
3.47080605
-1.59013049
-1.78836999
1.51056528
2.10952551
1.91619613
1.36820299
-0.81472341
2.65900546
-0.55440272
0.29913333
0.68451689
0.43573496
-0.86500375
1.21011684
-2.25440820
1.72787357
1.37206294
2.83276097
0.25429748
2.40393350
-0.04788993
0.33568044
-0.32600958
2.11684970
0.90609568
0.87539731
-1.13101981
-0.78995741
-0.45861996
0.15198765
1.33918620
1.46624814
-0.60340892
-0.84185549
-0.30179328
1.60416254
1.04393457
0.61855448
0.84476130
0.63462496
0.23127902
2.44501423
2.26091781
-1.65578235
0.14678901
-0.47651563
-1.37872080
-0.51293655
-0.44949450
-0.22602828
2.32804764
0.60538549
1.76696256
1.49638097
1.15385810
-1.97958743
0.38752609
-0.45713540
-0.24596837
2.34239281
1.32664188
-1.22252999
0.31747924
0.25557245
-0.62676949
0.64430272
0.31626552
0.44023733
-1.03243785
0.86362758
-0.19319103
0.60020702
1.56767644
0.80489161
2.01348871
1.16653441
-1.09055652
2.20356195
-0.47253813
1.75206953
1.92092694
2.43275005
-1.25518794
-1.85973785
-1.10860273
0.67245676
-1.04664250
-1.60091798
-0.14182820
0.73048504
1.09781897
