3.89478161
4.93314793
3.91150653
3.15786864
-3.42731945
-2.25447565
3.01937958
-1.99950754
-3.31960749
-2.39770107
8.03064844
-1.01680997
-2.48324176
3.25143431
-0.12693507
5.28731222
-4.80886592
-1.27122175
6.61657690
3.77841310
1.30384655
-0.98951861
0.86717744
5.32657422
2.90989707
-2.24305637
-2.42669707
-2.35140996
-3.26445547
7.21227115
5.75102964
6.33677196
4.92108289
-0.19634748
2.70776998
0.16617794
2.55467331
7.48142352
2.64287713
3.40566249
5.58354164
4.76274939
0.20005240
1.47199845
1.11439331
-3.54777461
-1.19047826
2.40158300
3.45822579
-3.52513893
0.01032046
3.57694860
5.87020786
1.17200242
4.67475721
0.13360645
-4.46565750
-1.46129809
2.20608434
5.87621677
1.68512274
4.41751684
3.75930611
4.41210630
-0.97854821
2.51248153
0.04835838
8.36873595
3.84035896
3.29142134
5.18297345
-2.31361679
2.22444505
-4.28660777
2.78588648
-3.30315903
1.32549624
-2.52839792
-0.59009582
6.62505623
0.83296731
4.04592635
-1.16488980
1.18741609
-0.99047795
1.47065050
1.67560953
2.56199404
-1.02925991
-1.71080283
-1.03570416
-1.88870346
0.72107187
2.04032904
5.39906779
1.34171109
4.08583986
7.44311219
4.89802902
4.81344413
3.64525053
0.00391677
2.81666307
3.78937357
-1.97071625
-1.38533860
-1.31530404
1.39996869
1.88194843
1.08627552
5.88167218
-3.43174133
1.78521044
-3.66940660
3.26797890
-0.98977203
3.46373336
2.32540645
2.08405155
1.87462375
-1.30810899
-1.97346757
-2.49797160
-0.09811602
7.07589586
2.44744143
3.64874489
1.77073742
-0.66432082
4.82049709
-1.65617126
2.61974233
1.21480283
-1.76284256
1.54015492
1.17872957
2.50200685
0.05328103
0.45236699
0.77999902
1.73820269
6.77497542
6.80811351
0.04857566
1.40565097
2.94750058
1.43446466
4.27681950
3.44517036
-1.54753222
-1.88749526
1.07484933
0.08494451
3.44934689
-2.97566482
4.15138793
3.69052267
-4.25687191
5.41433983
0.09864417
-2.85106657
3.87166436
0.84876180
4.83067597
-0.48647587
0.49411498
3.80573513
0.14493000
-0.42975921
1.94034889
-2.42364307
5.57140634
-0.27482649
-0.05919070
1.31632910
1.17535273
5.58825159
4.44210538
5.50280111
0.01622386
0.27384161
5.67043812
-0.69931322
-3.30580185
1.02137108
4.01017774
1.82526481
2.51689243
1.99966717
4.23033320
3.52207260
-2.44779781
-3.15740166
4.28334079
-2.28580771
1.98678115
-2.36073788
4.33755363
-2.01121982
1.56979882
-3.19439182
-1.53333457
-1.52416296
2.48737919
6.69062290
1.78284911
-2.26748630
-3.41962326
3.47854074
-3.55955528
-3.20666765
6.25822773
-0.28668740
5.34630280
5.30079523
2.68392414
4.17410772
-3.27874251
3.14080427
0.90570408
3.37111977
-0.92995975
-0.64947367
4.51520181
-2.44828024
-0.23921981
0.75667583
-2.52407819
-0.02409027
-1.44838098
-0.85893660
-3.36606953
1.74350183
1.93437519
4.24945610
3.47191373
-3.40752093
-1.38533860
-4.15565620
-3.52687764
-0.71366546
-4.34641920
5.48535254
5.09300864
1.20433893
6.53997496
1.12893736
2.41618653
-1.91553923
-3.39558713
-0.36283160
2.29250622
0.40186236
-0.09525408
-3.87489212
-3.51487548
4.94876852
3.64043528
-2.87822438
-0.32258463
2.30900573
1.44681379
-0.19961033
5.72683462
-3.36581922
5.32418184
-3.29039887
2.14524182
-1.96908388
4.75097983
0.93145051
3.50343363
6.48940320
4.58081862
4.50563988
0.78178608
1.81247484
3.98065408
1.32588123
0.82341744
1.23656704
3.47669723
-1.19820082
4.86264933
7.52851795
2.92164585
2.93169077
-0.64090506
2.55994346
3.13243944
0.20762759
4.28480004
0.59560411
6.08545800
3.56929673
-1.18656202
-2.11284450
11.66994517
3.76938343
2.98696968
5.27209170
5.77040287
2.60799251
-3.38757309
-1.00913654
0.49597790
-0.28591391
7.43003700
1.04849315
-0.92144199
-1.67022299
2.18219133
-0.55597796
-1.36263740
0.90411478
2.23724972
2.97015951
0.92547558
4.04082477
3.78604584
1.20991425
4.37796977
-2.74988069
1.99182141
0.42814508
3.22551136
4.84111829
3.88473108
5.45481050
4.50650182
2.13969834
6.36152373
6.77594270
-0.03011093
1.42629467
4.49115896
-1.85715093
-0.94182226
4.52465885
0.03738138
2.95230638
-3.25299112
7.27583256
3.56697404
4.74816187
5.05113543
0.87316249
-3.24908094
-0.62800636
-0.40804608
1.33068326
1.19294300
3.05303883
5.40982056
4.25885152
0.78178608
1.64986140
5.00025597
1.71632285
2.24627042
3.27048352
-1.36326157
4.03501803
1.26445087
3.79064100
0.23911446
-0.47314289
-0.77341679
-3.21156402
