-0.61561711
7.69291574
6.19117326
0.17354015
9.18954107
0.37997004
1.24944326
-4.84974952
-3.87766891
7.59902337
-6.02466705
6.27074838
7.93886408
2.07018276
4.99316094
2.26044151
11.68898460
5.35392574
-2.63837302
0.23058490
-1.75520167
-1.64105304
0.18332793
3.15428272
7.41940985
4.52787367
12.50429474
2.22753510
-3.89779840
6.93518689
-0.63380124
-5.86250332
10.30742136
3.26295634
-5.34601271
2.22504525
1.29600389
5.95706182
1.99957027
-1.74581757
6.57640312
9.43166715
6.88225680
-2.60171084
7.09324931
3.14050272
-0.34311407
-1.58983654
10.27015132
-0.58027433
5.91695621
3.09825434
5.28962030
-0.96853042
5.84048488
10.40256876
-5.15481461
3.90979676
6.41501784
1.58627852
7.75919580
-2.01614241
7.68523648
-2.25543612
6.44188312
3.13468944
4.36244897
-2.93166342
8.00225288
-1.62433304
3.18275168
-0.97109701
2.30055459
7.21880800
-4.78323647
7.70636217
-0.95176013
2.10954694
-0.95201070
-1.99742883
-5.50513949
-2.59154840
4.49671507
7.67640911
9.06161075
11.06475466
4.18261409
6.30420606
-4.61814954
1.99243980
5.34625682
7.00898959
9.25467084
8.97305157
-0.54020274
2.14900345
5.11329535
-0.72428019
11.25023373
6.98378796
-1.96778870
7.88541508
6.43131114
5.26653927
7.85460793
5.27306934
2.97299161
2.99235122
3.77991712
-3.98812845
0.10154028
2.27799238
2.68394836
3.77880947
2.30042157
3.36317440
-3.44482080
-6.37271154
4.32311820
5.51951475
7.92724556
7.94671264
8.26495726
-2.09352494
4.39488328
-3.71135791
6.23346104
2.01208690
5.31334085
5.63879793
4.88732563
5.02761878
7.44538552
8.83535251
5.38035437
7.45410549
1.30271815
9.45142202
-3.95427460
10.03505024
3.26763406
-2.92748751
-5.53671782
-1.49925232
9.50595213
5.65118785
4.14907086
0.94833902
-3.04745379
-1.97945852
1.23394802
-3.95588477
4.34990859
-3.87781893
-1.57507953
2.35147477
7.35924171
6.54498200
10.33788285
11.98234233
1.26460900
5.70448409
-1.61702625
4.00682238
10.42401144
0.10003901
-1.98533288
2.95234327
8.85491627
7.53719790
-5.14038362
-1.62196496
-2.61794312
-3.49545382
10.00444967
-0.94634220
3.87137921
12.16963396
-0.57144616
4.46296209
0.10026979
-3.97575778
6.29787219
5.48101575
2.27472968
6.15133080
3.96509182
2.07821551
10.33460658
6.08487810
-3.87861191
1.27345839
3.11094619
-4.72063655
0.79988990
6.01078002
-3.95535902
5.63456827
1.97503656
1.31240176
1.98283875
3.14444566
2.94277390
9.54061862
1.18375593
3.22273347
4.10554904
9.35347672
-2.95482428
-3.45036083
-3.57063457
-0.67196585
7.19653010
9.50785916
4.37875944
-1.98440494
4.50448783
0.18561834
0.15896893
16.81012079
4.20413278
8.00396652
-2.59593589
4.40517989
10.55701403
10.64078297
5.43049912
-0.56193194
10.72549680
5.91851254
6.11722523
-3.58068547
-0.60939895
11.07152494
4.00230177
1.21086334
8.41579517
-0.95404656
-6.36139663
-2.94560885
0.90706888
9.50033402
5.60886209
6.65812102
-0.15433475
4.96455108
0.93416159
-6.11051057
2.07794817
1.22774681
7.87777646
2.95883499
6.18007828
6.18062646
4.62122351
-0.11191032
5.33957858
4.61730625
9.84671727
-6.40806314
4.02686578
-5.44804337
-0.51345776
-0.49664646
-1.35829857
-0.88918635
-7.19440013
-4.48147091
-4.52593198
9.16714389
-0.59698363
-0.20499957
-3.75850329
-0.97568200
3.44020173
3.48371988
13.09214780
-7.01595591
-5.47108792
7.35013939
7.07780171
8.86300486
5.54448824
-2.92485256
8.54362468
-1.77078751
1.30729407
1.05390356
1.10678537
-2.98790558
4.01698910
-6.99730951
7.36034618
5.61794652
9.17197596
2.02210980
10.78510807
2.02600520
0.90663853
-1.14367601
9.97923031
2.57259642
3.14542317
-3.51203113
-3.41184492
-0.65448162
1.24331082
4.37493510
6.12041114
-0.98297177
-2.84522966
-0.90961917
7.06308348
3.98331632
0.31488892
3.37775323
2.92418005
1.22767420
8.93893474
8.85551755
-5.97018096
1.20884438
-1.01511841
-3.55916979
-0.99193991
-1.63547389
-1.17419414
9.25880052
1.21349731
9.89323437
6.00261040
4.58041167
-6.94225568
0.94752675
-2.55441921
-2.82306071
8.98920656
5.18026644
-3.42755128
1.26632879
0.26010111
-1.67096465
5.51823726
1.99957665
2.06487962
-3.93738580
2.94367654
-0.07059699
3.15059362
5.38922800
4.46325104
8.36192076
6.10672252
-3.54675972
7.04334687
-1.67071196
6.94173200
8.19141100
8.69283310
-6.93039508
-7.93252903
-2.67208550
3.14806600
-2.94842318
-6.42473490
-0.76040570
2.31664408
3.45553561
