3.24565737
-1.37061702
4.45314151
5.26818040
4.03839291
-1.92238952
6.41044461
-0.20285200
0.54145954
-0.79362165
4.25199017
-1.00009938
-5.55346949
-2.18938726
2.50717894
-1.75208528
-3.00677884
0.74610257
3.97636057
0.23591033
2.07395131
8.28447461
7.36447468
4.20905864
7.12286799
-4.36680970
0.79208304
7.86096567
2.61199273
1.38469541
1.87879538
1.06821303
4.30985801
7.89784451
-0.93337211
0.54386353
-3.07692797
-1.48535050
4.92417590
-4.60140010
0.97048367
0.22399209
-2.63362302
6.91637985
2.19648935
1.03786340
-0.11541228
6.58437354
6.26174651
-0.62793267
-1.05201112
3.06073897
2.46548235
2.90595642
1.37545839
0.37170486
3.84792577
-1.11437616
-0.53433976
0.98698348
-4.42524534
1.06673582
1.97369812
-1.19774150
-4.14856416
0.93226819
2.65303217
4.17564930
4.92392504
-3.34351043
-3.44304249
-3.74807009
0.92919894
1.59256154
4.02901121
-0.12558068
6.02203403
0.71460196
-4.01633727
2.43507675
-1.33338508
1.43190939
3.99630489
-1.76821402
-2.95883575
-3.40159544
0.26808386
0.47142027
1.72746910
0.56645901
0.23460378
1.36015752
-1.29536844
-0.44589709
-0.25352151
4.33514887
2.95212574
4.76510954
2.54552843
5.40790912
-1.29021081
2.97228252
5.52015506
-1.08268324
-2.51808792
-1.13443517
1.25380213
-0.65067166
5.53961733
-0.43021856
3.17013370
-2.65605235
2.07519168
1.68265543
-0.37277064
7.33092975
7.44912500
1.08982950
2.27967384
-0.77899768
-3.72334400
1.21041697
5.63240194
1.99367915
4.37931387
-1.79284521
5.25133555
3.49164594
2.66083654
0.03407945
5.23153513
1.63334825
2.24458355
-1.75941791
2.66079529
-1.28133825
5.33380062
5.06499463
4.22819425
0.96450322
6.03914070
-0.90367503
5.32178605
6.54494228
2.98219359
0.62651398
-4.54990064
-0.50698426
-0.53456324
-0.33289902
-2.79710444
3.05623577
7.43849438
1.68142989
1.35764563
-3.66826709
0.27715138
1.72587803
-1.32690951
-1.40672529
4.03063719
-2.00762892
5.85951425
0.68975341
-3.14429944
5.39172315
0.97863068
0.53306913
1.58394323
5.96998893
1.41650483
-0.44110133
-1.48812694
-2.48872675
0.90600748
-1.35480801
-2.28909405
1.98169190
-1.11638281
0.65831951
3.67898578
-2.45439579
2.07946195
1.60742888
5.09049269
3.64340925
0.38618120
3.63147673
4.52439485
1.60080016
0.69470327
0.29097250
4.04837887
-1.49994369
0.25529983
-0.58383523
-2.13558567
-2.25106759
3.08304437
-4.06536117
-1.88111127
-5.61068304
5.36468150
-1.25161060
-3.58858585
-0.41397732
2.54086564
0.61491175
1.58202324
-1.15355705
0.69736008
0.29926781
6.45979265
1.59348592
0.62394840
4.92906938
1.29370859
-0.38725537
2.65164698
1.48896079
5.31562805
3.61439071
3.90812904
3.72287674
4.47397438
3.44882874
5.94472346
3.61857572
3.23923893
4.13761814
1.07414348
4.62056358
1.83034623
-0.67103261
-2.10000166
3.97826177
3.08243830
-1.22538777
0.98938051
7.31883606
5.42478340
-2.16117825
-0.08205296
3.10217543
-3.03563055
-0.02537104
2.41051265
3.68484030
1.30418442
2.50507499
-3.74744119
4.06430273
-2.60297975
3.59789309
2.82297663
0.30797216
-1.45680332
-0.12883334
-2.21772936
1.73998439
1.18728143
5.56798998
4.42738269
0.47391942
4.96485328
5.04043987
1.53740348
-2.88893960
-0.37892341
5.59542977
0.06199432
2.27592199
-0.34980850
-3.15650045
2.29846220
2.46204869
-2.91469249
5.21392337
1.98375344
6.84731344
-2.70063303
-3.77059253
1.50684454
6.20718541
5.27288525
0.54501793
3.52032104
2.42690242
-0.88182788
1.62286681
-0.48153219
1.85568894
-1.37454446
0.73560444
3.55249189
-3.87288758
1.64158805
-0.34731523
0.61290622
2.52661095
-0.91463620
2.39299501
2.64133517
-1.29328353
-2.34968000
2.83286464
2.57300044
2.83115367
3.86446431
1.38806231
1.27256757
-1.44888509
4.59793623
7.22366684
4.50577605
2.74432446
4.81431559
-2.44219252
-2.38470581
1.23173224
4.77337619
0.32809032
5.35858792
-4.34663232
-4.19919581
5.18667129
0.08947698
-1.58737994
2.37719365
1.61722516
3.13148862
2.94180928
2.03831470
4.29932626
7.22920449
0.60201428
2.76532630
0.64614161
-1.12167618
1.43965396
0.28124428
1.99177651
-0.66423865
-0.95641115
-0.68663899
4.11075265
6.25624606
3.95340145
-4.55465292
-1.18130502
1.31681227
1.81381036
5.54568087
-4.42363722
0.69883668
-2.27388013
2.63215435
1.03228533
-0.07471933
5.72011769
2.56082149
3.49532026
6.91440819
1.53824121
2.77716139
1.99476332
3.16503508
0.47424987
-4.70173690
