-2.86260436
5.28241077
5.62190272
6.51279615
5.67752950
-3.79770096
7.20358876
6.78118679
13.81644167
-1.34611805
-4.86734420
-0.32354903
6.48157831
5.36977654
5.27310432
-0.19574837
-2.40678380
-1.41754545
5.42660101
-0.18029241
3.26422578
12.40877793
-2.29371653
-4.45101148
7.16653134
5.15664601
-5.58773212
-3.86576693
-4.22045537
6.92318492
-0.13708350
0.32446164
3.82969073
5.33656120
-6.45877537
4.31038565
3.62112390
5.06582938
-4.49696295
8.38322247
-2.39881267
-2.55893046
-2.10820995
2.72860421
5.52896678
-3.74597232
-4.45591449
2.64784548
-3.40132073
2.20595960
11.25702174
2.61329205
-1.88865675
6.30595119
-4.39499793
-2.31566443
-0.70003838
4.92211431
-1.46333730
5.35748803
5.02327012
-0.22043043
7.35779759
0.88905561
1.47576353
1.03413600
4.66564186
0.48886583
1.34762422
-3.88484882
12.05761589
-1.35465963
-3.87455316
6.99833553
-4.37947867
-1.87251541
-0.24934830
4.59894347
-5.51563812
4.47324434
2.35552225
-2.46314842
-3.74422067
4.38052920
4.96909428
-0.08848096
5.83972458
-1.83650617
3.60294959
7.76712676
9.04937623
-8.34813955
4.36884002
10.01715613
7.92053527
2.53289554
-3.44208336
8.18122809
-4.66842318
5.48890579
9.69792425
6.64903334
0.32681026
3.92780566
-3.32861453
0.45539784
-2.97429952
8.44750038
-0.24299881
11.76250234
-2.77374426
0.28658011
6.66463850
-2.31642248
-1.27801494
0.35305095
0.30420315
-7.24787249
1.81004464
7.68014279
-2.41398580
2.37893009
3.48121914
1.28470892
5.19394863
-3.42823503
-6.71193737
-3.83894020
0.40710069
3.68409941
9.88875013
7.07946823
-0.24200375
-4.40095107
-1.87602084
9.45108759
9.70566905
6.01171502
2.47738292
8.95198493
5.75418034
-2.01119539
3.39165154
-7.07179150
4.27711492
-3.91824108
4.44988765
1.86166209
-5.35771060
6.54247469
3.80322485
10.69810206
-5.33011354
-2.47710870
1.78051544
2.87852556
8.92404190
5.31823426
-3.43596375
-6.38141926
1.43222429
7.23325284
-5.46734922
1.89428161
0.84898911
3.79731766
5.89580625
9.13639535
10.32663266
2.54949774
-1.29299867
4.45941225
2.57023479
-1.25834727
0.26418357
8.60425125
11.12060332
-2.77829049
2.24815168
-4.33732001
7.48415782
-0.86092623
8.59380007
8.90090509
11.90947191
7.75842090
3.83077750
11.48014133
9.94255444
2.82178093
7.47065642
1.37961078
-4.39171969
-5.02453698
5.48540838
-3.46024554
-6.39179052
5.47262117
7.78004789
-1.38301209
2.52175076
12.78488657
1.12519163
0.87966470
-0.29345261
3.27370253
2.34448798
-5.97637846
5.80289441
1.82644670
-3.38823885
0.89844202
0.35500292
-3.81980373
-0.75796939
1.40018241
4.28353018
-5.55673615
-1.35052636
11.48719591
3.94338888
2.46491994
-3.88906537
2.60246500
-1.84429998
0.27933555
-1.83010422
-2.80446683
0.40394515
6.13386116
-0.17372712
5.06647312
0.42673872
0.37212956
6.04726339
3.67432054
-0.84468439
-1.32337496
-6.13660346
-1.87173195
6.90317349
5.79099845
-4.35884565
-5.26714091
-4.80533374
7.42085740
7.64829728
0.83864640
12.41621811
13.73391534
-3.39297247
-3.36064082
4.39754693
-0.15078440
-2.84600043
4.57253780
-0.20724120
6.03479941
1.41193216
3.82466170
-0.42000383
6.78930507
9.49104957
-1.79647105
5.25602168
-5.50005276
4.20230656
6.89949416
0.31357209
0.94897364
4.39643409
0.39409629
2.41234368
-0.15743774
3.70736901
0.61887877
1.79791202
-6.56169824
-0.77745225
10.29998764
-6.23455705
-1.37638298
10.45465282
5.35965571
3.84089210
-3.71818808
5.31569616
3.89234047
0.36083562
3.61693405
7.69172925
2.88587622
5.86981469
4.00648263
-2.47404453
0.62221633
1.39427865
-4.83201314
4.98969848
0.33177576
-2.47509855
1.86908340
-1.73179873
10.21761209
-0.71933466
5.26944321
-0.20019872
-1.25465339
1.35845198
5.83516253
12.10964472
4.56967735
9.63603160
3.32900231
-0.19047259
1.40165222
6.14059018
-6.08559959
-5.52248414
5.86927929
-6.45036821
-0.20736472
3.54725275
9.14043108
8.57741925
9.98644467
1.37051705
8.23254762
-7.06644656
-2.49499448
4.51846687
1.32729706
0.30952547
-1.84698399
6.52467629
3.49763606
-3.80628534
-0.86170707
6.44774898
6.91267395
-1.18560633
-3.38831280
1.80185632
6.19465590
10.97991948
2.53994183
-4.84417507
9.02526552
0.33788311
1.37407553
-1.74400018
7.18234512
1.91400130
2.33532393
-4.47514701
8.47377810
8.93052690
1.39890879
1.31583356
1.41724294
12.18841769
1.79870387
3.32743367
-1.20180225
4.49498236
8.24006557
6.57444567
4.09830357
