1.52754892
0.75221797
2.71007871
1.66160287
0.89631529
-1.01241280
1.23179704
0.60739177
1.58178481
-0.50015926
-0.05193801
0.05646336
-0.35786424
1.89122003
1.53362362
-0.18562375
-0.03061708
0.10340622
-0.48148834
0.45850895
0.84382840
0.04172946
-0.12090023
0.11213942
-0.14785149
0.40997851
-0.92176162
-0.39402525
-0.03068584
3.77396316
1.36090056
-0.23624821
1.05161765
1.59039261
1.17991329
0.24738882
0.81031084
1.51471613
0.06507078
-0.70400647
1.62645218
1.16731735
-0.09560484
0.58221849
0.21635695
0.34266428
1.97759111
0.44198709
2.17878105
1.45481619
1.87094322
-0.08919961
0.98432071
0.95548249
0.76215651
0.12352201
-0.19862223
-0.42420522
1.13328408
1.15566817
-1.23802317
1.74075162
1.22029679
-0.44086392
0.24026717
1.54059746
1.05351758
-0.73746222
0.54964755
0.53526386
0.79746191
-0.33790078
1.17178202
1.74911758
1.24624228
-1.11104125
0.01129097
0.91504153
0.77596158
-0.52025498
-0.59168820
0.82925534
-0.85093065
0.53073809
0.88312621
0.05917723
1.04835904
1.10494441
1.59373729
1.50581345
-0.72498693
1.48382168
0.85301675
-0.49808972
0.49127453
-0.15849857
0.76791507
0.20933395
0.35707699
1.76127746
1.07545579
-0.41847136
0.66028996
-1.38154464
0.35143028
0.57433578
1.00838652
0.78739511
0.67951029
1.30154206
1.22763970
0.98610214
-0.80770448
1.28820496
2.06191961
2.62259586
1.11839889
0.70022698
0.04070390
0.33760452
1.69633626
0.73637355
1.81451353
1.19187219
0.14848723
0.77202384
0.51588934
1.93122529
-0.14146654
-0.36610714
0.62413888
0.14764181
0.73916442
0.00855140
-0.50910312
0.72770115
1.52883191
0.14844698
0.08793780
0.38453245
2.02170911
1.44866457
0.58997601
1.66593749
-0.52671738
-0.14256664
-0.18618497
-0.29472443
0.78980858
0.55376885
0.49329898
0.66401996
-0.56285372
0.01444683
-0.38737175
0.63255386
-0.46566986
-0.38876161
-0.45344448
2.06761467
0.17330750
1.74424640
-0.50499997
0.39735800
-1.16402102
0.84381896
0.75165225
-0.27125010
-0.67781630
-0.00158980
0.00400592
1.00679880
-0.17643016
1.31691563
1.54558352
0.60612950
-0.18793162
0.98381188
0.00584983
0.21530395
0.19344553
0.47779643
0.38191035
0.28574204
1.80407054
1.53254818
0.62705767
1.20591128
1.19356277
0.40156080
-0.52646761
0.73631941
-0.18540568
0.06538837
0.14568655
-0.85184285
0.29483696
1.50947556
0.10949087
0.68262826
0.62889216
0.62705767
2.51822217
1.93978707
1.33002110
-1.02689979
-0.51938066
3.28247793
1.11706160
0.55401662
0.82092899
1.57098985
1.79928882
-0.65755112
0.38832284
1.25797928
0.62904473
0.87307272
-0.28397311
1.43172479
0.87034853
-0.53081153
0.52698993
0.74312067
1.12595535
0.89684227
1.06529911
-0.91483907
0.93536631
1.49051433
0.81882480
1.60035648
-0.00763108
0.91101820
-0.58095768
0.93947963
0.50763203
0.54352746
0.86957696
0.80896922
0.68362349
-0.75910843
1.62534071
-1.04180382
0.54757253
0.14610370
-0.32187135
1.64517391
1.68047055
-0.52493746
0.36131967
0.76102307
1.09940416
-0.45461012
0.01421272
-0.20751878
1.15145351
-0.43132316
-1.22494717
0.32910147
0.99581679
0.45040301
1.22928347
-0.93319894
0.87801222
0.53580781
1.59689395
0.21411774
0.99971975
1.37346419
0.02072092
1.37510258
-0.01625395
0.59562574
0.12211451
-0.54180429
1.68575639
0.95371418
2.54705372
0.13075639
0.02055132
-0.82332138
0.66843160
1.97265338
-0.93923698
-0.96844688
0.04281398
1.14120809
2.35318726
0.46520072
0.56183317
1.48939361
1.16832660
-0.45346652
1.70838786
1.75569990
-0.55591695
-0.08384274
0.27319094
0.75623146
0.70838647
1.07238835
-1.15018797
-0.26252357
0.46419812
-1.37745370
1.01829389
1.20765201
0.57014176
-0.32010562
0.89482376
0.07727360
0.96603365
-0.53749223
0.27783796
0.33144482
-0.24870971
-1.05432073
1.44452213
-0.55597965
-1.15046630
0.52300034
0.79535316
1.03837083
1.37525367
0.26900677
2.18577664
0.23474920
1.14147492
-1.31203402
0.95736511
-1.14177135
2.16475175
-1.29452542
2.39165657
-0.14688594
0.32602932
-0.82307355
0.47659532
0.31286648
-0.11067536
-0.10006377
1.24156101
1.45173026
1.49910246
2.34010474
1.35428704
2.55624092
0.27398645
0.12343648
-0.27794026
-0.12633562
-0.10624907
0.79157419
1.58014694
1.01473551
2.35473644
0.47371781
-0.33394290
1.26024215
2.25936705
-0.09176357
-0.66190292
-0.80925910
-0.02403816
-0.48783914
1.19351715
-0.43937072
