1.54080640
-0.63034545
1.46966943
0.54523872
-1.46628876
0.90669276
1.26012442
-0.24464961
1.55994827
0.13887583
2.30485916
1.19068655
1.34956249
2.25382922
0.43168871
-0.15049945
0.93452157
-0.45970601
0.20453376
-0.56976675
2.21548984
1.93476787
1.35188615
-1.37563269
2.35405497
0.88826146
0.34319279
-1.54751698
-0.19535814
1.30017167
0.18369137
-0.83260567
1.09954447
1.40751234
1.78516434
1.92830307
0.17600206
0.39477714
1.60853427
-0.22061606
-0.01807434
-2.22053650
0.76622310
-0.63304787
-0.59490892
0.38023849
1.40411537
0.17950868
1.00568480
0.90965588
-0.09200911
1.67980756
1.31697628
0.38194640
1.29182661
2.57036651
-1.13512294
-1.33536544
1.46443652
1.91026914
2.10243833
2.13430069
-1.43620814
1.22954366
-1.82885779
0.76218538
-0.43342052
1.49081682
2.06515790
1.09109675
2.97886459
-0.40775509
1.71244021
0.10378822
-0.67214727
-0.20573756
-0.44261882
1.07387469
-1.72291569
-0.28068055
2.57035591
3.09174015
2.10397010
0.11008020
1.91744804
1.30400719
1.37281079
3.73179347
0.18592880
0.41986940
-0.58532332
0.09235261
1.28127872
0.86747645
1.18010385
-0.89121817
0.70325208
3.03236292
0.15443350
-1.95310140
1.59691301
0.44595742
-0.68294750
0.93139763
1.19793262
1.47043990
-0.65477387
1.94595852
0.58792627
-1.22242826
1.06262914
1.97348924
-0.11681439
-0.20421201
2.81743547
0.17674597
1.24041054
1.53875087
1.69818886
2.21649291
1.19712523
1.63544020
1.09286083
0.66832022
-0.06042419
0.18408320
0.52647861
2.17259354
-0.63129015
-0.37683242
-0.16068294
2.47680356
2.50099338
1.09635827
0.10206035
0.77599438
1.33812233
0.04565200
-0.50858204
0.49628568
-0.29476857
3.58475870
0.66005023
2.67475086
0.43263623
2.73964354
0.40221786
2.43870622
0.35335885
0.49863457
2.43379632
-0.34403817
1.01470536
0.03716070
-0.90339153
2.87161290
-0.89559274
0.27732749
1.87666812
0.33788966
-0.21755179
1.95058076
-0.42389561
3.25946107
-0.22680650
1.02993437
-0.53715264
0.28816526
-2.24750741
-0.35071931
2.53067231
-0.88518084
0.42302319
1.74103462
-0.48173471
1.16108675
1.38425810
1.34052495
1.36683606
-0.31310776
1.25993276
0.22947510
0.42101165
1.59310737
0.27805162
-1.46292983
0.39663269
-0.51938511
0.79577644
1.56216733
-0.87407201
0.02944987
1.35742263
1.72903590
-0.78712514
1.98404738
2.75926089
1.40129390
1.95659260
0.61735688
0.60318234
0.40787151
2.13162353
2.82898447
1.31863555
2.08258193
1.23803600
-0.19120827
0.65767737
0.20098297
-1.31944204
1.54332154
0.33426479
1.29068397
0.34077927
1.47525844
2.97331793
2.71614707
0.05692119
0.57732621
0.64135554
1.23133459
0.18454637
1.96590112
-3.03868200
0.46834444
-1.82555918
-0.48112445
1.34956561
-0.89299751
-1.69533645
3.45005011
1.23115608
0.47880117
-0.27838754
-0.64050937
0.04098130
2.06477096
1.37053011
0.13724789
-0.36006533
0.46270380
1.16941840
1.62941837
0.04054074
0.25619227
2.23666913
-0.84404315
0.25212258
0.23470004
0.95532802
-1.34806269
1.45600365
-0.39026232
0.64369843
0.90438495
-1.69682400
-0.90742374
2.50144319
-0.62398966
1.17510078
0.31996625
2.02106675
1.10527678
0.47779576
1.04713444
-0.04903644
0.46413500
1.28808119
1.11144922
2.26888347
2.27753521
-1.17609850
1.32727576
-0.86212695
-1.00198328
-0.37936415
2.50672718
-0.04457355
-0.71936591
2.75640586
-0.08602611
0.72651169
0.30032748
0.58458272
0.10189499
1.15743310
1.68015225
1.12111238
0.49497504
2.28442257
1.57181827
-1.11622701
2.98622008
2.85923872
1.54011399
1.39194147
0.74134801
-1.24906822
0.21878866
-0.58203918
0.05193751
0.74612899
1.42428283
-1.56600410
-0.61517241
3.43430766
3.00994457
0.93274174
0.54844476
-1.01533739
0.38776426
-1.16028976
-1.92218359
0.75981286
3.28800414
3.26558791
-0.17598034
1.10644320
-0.13659530
-0.76251497
0.52060062
-1.09760169
0.67884421
1.70401619
1.33956160
1.06841644
4.67021298
2.17980261
2.77904539
3.27565071
-0.72383830
-0.59404035
-0.17526945
-0.93952804
2.06129955
-0.82182058
1.11915302
-0.15276967
2.42311544
0.39265984
-0.77097696
2.48551058
0.14295066
-0.40144994
2.02519056
-0.89682354
0.33162728
3.12682492
0.80891487
0.37209462
0.05808711
0.57871561
1.65573948
-1.08514511
2.44685755
-1.31966894
2.13132443
-1.35359980
2.34363380
-0.94783416
2.74197835
2.02688888
2.51293639
0.03450483
0.24817464
0.04332592
0.59027221
1.28224011
