-0.99449043
0.68240407
-0.74111249
0.86373273
3.09984369
-1.22527932
-0.32893513
0.61808238
1.20527108
0.30321581
-1.51829293
-2.65506125
0.97103369
0.80594780
1.25942015
1.67016332
0.03752926
-1.33302127
1.23576908
-2.33966531
1.40039929
0.16956128
2.45898642
0.08288889
0.81153677
2.73442897
1.10182349
-0.74443723
-0.63263347
1.41627690
-0.05101719
1.71654169
0.44181298
0.88825352
2.40244261
2.28696806
0.14555045
-2.25337707
0.87138744
-0.34836723
-0.31278303
2.03802180
2.44018783
0.04787281
1.70565975
0.88835877
0.60770227
0.35002359
0.66088083
-0.43577544
-2.37618520
0.54999227
3.64933740
1.73106092
0.15182520
1.23926311
0.37897888
-0.75918728
0.01377148
-0.03977769
0.54046005
-1.55635528
-0.81826754
-1.32687102
-1.24605955
2.43293378
-1.11428887
1.13805815
-0.82331650
-0.03441910
1.36219933
1.49203000
-0.75150155
-1.05929834
-0.86123852
0.40505682
1.25465341
-0.55296986
1.17342392
2.12855205
2.76865605
-0.11760148
1.07604454
0.66266889
0.58782846
0.34227055
1.23854764
0.43888546
1.23040760
2.93176272
-0.28341861
0.41018623
1.30130942
2.17283884
1.92524084
3.06400969
1.80734029
-0.68197368
-0.49050234
1.32356734
3.83625647
1.43497400
-0.71782694
0.89205004
-2.29368738
2.63258590
0.10320715
2.10925335
-0.87492193
2.41122121
0.54490917
1.64630795
-0.57496051
2.49494100
4.16141231
0.09774394
1.25166218
1.22363485
-0.38245861
2.25273950
-0.31005601
2.78905835
3.77039259
-0.40315667
1.80542068
0.97073514
-1.66263733
2.80937487
1.23378254
-2.29995033
-0.31278303
1.07102720
2.97333158
1.16682459
0.89221463
3.66140823
3.45937691
-0.73889591
-0.09914156
1.48818323
0.42169188
3.16929059
3.21033047
1.38557382
2.15146861
1.07426946
1.85725066
3.17190077
-0.83899944
-0.66815824
-2.15712862
0.66080283
3.11971593
1.61929447
0.15627816
2.12291589
2.74385717
2.77880931
2.00409438
0.65996576
1.81674656
2.59483418
0.81081468
1.30490331
-1.88148921
-1.11985179
0.87538286
2.12943559
0.88878027
0.79570336
2.01621731
1.20250130
0.23434935
2.97604768
-0.54745708
1.00123023
1.07084142
-2.17217795
1.49459461
1.69811395
1.42109574
-0.51254740
2.15658214
0.14324126
1.43666222
0.32566257
-1.96798079
-1.42231619
-0.09162188
1.32334241
2.80480425
1.00809485
-0.33026747
-1.86780879
4.11230331
-1.78717151
0.18613989
2.40358651
-0.83006351
0.17317055
1.00946133
-0.68814933
-0.01497693
-0.72025813
2.07608930
0.70208691
0.44661303
0.99633450
0.00638804
1.27285339
3.86348903
2.48137632
1.61034624
-1.14777087
-1.50965186
0.72093779
1.50805607
-1.94896426
2.52779754
-1.56330501
2.11264023
0.93665764
1.32353852
-0.56693286
1.63226569
-1.59159620
0.61354673
1.58707645
2.96651565
0.23459880
0.49716725
0.79810479
0.05995315
1.22945207
-0.46317083
-1.01951636
-1.88023963
2.35592999
0.64469305
2.54558728
-0.36753531
-0.28376372
-1.13758563
0.24909831
0.33838440
1.01377789
0.61400488
1.29741058
0.62067314
0.33260198
0.96817841
1.94208738
1.42528626
0.28627299
-0.95611764
0.97429034
3.02313026
-0.02242408
-1.26990448
-0.67533430
0.30343633
2.92802706
2.81198482
-0.65333460
0.58622164
0.23174970
4.12299245
4.43427557
-1.26688183
2.75948867
1.49991645
2.73553260
2.09696431
0.41824873
0.42571139
0.52101015
-1.93346693
2.77134521
-0.64029401
0.94968675
2.26126311
1.85431302
-1.73662924
-2.16284928
0.33013099
1.21121443
0.68798583
2.65401181
0.47424634
0.01357833
-0.05053560
-2.51743774
1.64251127
0.17653097
-0.30792303
2.66208871
-0.22394991
0.35829076
1.34276729
1.21798149
2.92883102
0.59930332
-1.90641911
2.75340725
1.20223912
-1.13519646
-0.15509823
-0.74306815
4.34997209
-0.34694777
2.28945693
-0.86123852
1.42128241
1.26140197
0.36579819
-1.02701647
-1.49809539
1.47493226
2.59752666
-0.06385270
3.23591046
2.65318431
2.27768837
-1.37276588
-0.20689589
0.19494476
-0.76830043
2.17420493
-0.34612392
1.52707339
1.65295279
0.05673221
-0.60169504
2.94927472
0.25065272
0.86669528
-1.69073308
6.32067620
-0.99640956
1.68961258
-0.19700344
0.30994646
2.65646235
1.00195457
-0.30139707
-0.32672502
2.61822852
-1.44704577
1.21178651
2.05291063
-1.99442910
1.49472941
-0.40084158
0.13217305
-2.28952118
0.46799690
1.77807605
-0.72909850
-1.28572999
-0.01839190
-0.41165310
-1.33230975
1.83337965
0.32562545
2.87816155
0.09496065
0.30352768
-0.10706420
