4.04752287
-1.29924567
2.53836465
1.04868677
-2.33970553
2.01980430
2.45340356
-0.53520763
2.90293405
0.59464099
4.29624503
2.05102325
2.48032625
4.96199995
1.13238092
-0.75347297
2.62796304
-1.25671966
0.32333282
-0.67240248
3.72379760
3.30066906
2.80446385
-2.90109742
4.31817683
1.40536856
0.24228896
-2.53128345
-0.27647604
2.29415348
0.16281268
-1.35215923
2.41747966
2.15028027
3.15394896
3.42476220
0.59995544
0.96056619
2.54790551
-0.28813636
-0.10532010
-4.16398790
1.36799309
-0.72292001
-0.37527703
0.95245599
2.17777855
0.14262243
1.98971563
1.62868140
0.04428862
3.65420420
3.05609087
0.44850283
3.02155101
5.05157990
-2.49168213
-2.23925014
3.33703148
3.82050272
3.71031933
5.02130639
-2.46732379
2.67705869
-3.61347189
1.55153617
-0.38960765
2.76370742
3.57059785
1.74997343
5.84221948
-0.29272849
3.70796718
-0.05828097
-1.59062091
-0.05186674
-1.11987132
1.98844010
-3.46838448
-0.07349752
4.94068896
6.07512064
4.04954488
0.16659885
4.23136251
2.28575688
1.96552018
6.99606611
0.32656727
0.78932210
-0.86001866
-0.01681011
2.17226130
1.80194831
1.60888900
-1.66538507
0.85926922
4.90656600
0.33292831
-3.08872048
2.94850875
1.01243205
-1.37682613
1.34552880
1.80260420
2.68315060
-1.16779532
3.56652155
1.15117626
-2.64437604
2.33861633
3.56982066
-1.10113183
-0.21914606
4.75970925
0.30226083
1.99167639
2.69249909
3.74976046
4.71165698
1.22927732
3.19496495
2.14786407
0.94006295
-0.22888600
0.67918798
1.40860089
4.83362573
-2.10951579
-0.62107738
-0.51817758
4.90229796
4.49620226
2.31290013
0.09724199
1.45222574
2.86337784
-0.04356991
0.05579059
0.96307025
-0.25995040
6.71888028
1.20476749
5.99352996
0.78485000
5.77641879
1.01491260
4.40522645
0.71554187
0.92652739
4.16268071
-0.05732150
1.89620075
-0.19871828
-1.65993571
5.15267911
-1.48107363
0.25135408
2.99365041
0.20953032
-0.48714075
3.42310569
-0.90811161
6.45960767
-0.06326023
2.37835613
-0.88830059
0.92006122
-4.12315429
-0.57430190
5.30632106
-1.69259419
1.11676735
3.28281530
-0.31378368
2.10662905
2.33738734
2.71089670
2.47103347
-0.81285489
2.47817251
0.36983360
0.67665241
2.90791671
0.39189157
-2.76304728
0.76799782
-1.22464606
1.47812747
2.95334716
-1.90974046
-0.36533336
2.59551311
3.22458421
-1.19605260
3.91504630
4.94481277
2.61516615
3.82627583
1.21847172
1.00542934
0.74164656
5.15295242
5.39258906
3.04815893
4.38805999
2.07114546
-0.22995198
1.28727943
0.22641934
-2.11530264
3.32246630
0.26721667
2.55725966
0.38423633
2.43607096
5.44609251
5.58250827
-0.13364729
1.21787215
1.19260403
2.88544645
0.36203629
3.50508741
-2.95492843
0.75616758
-3.63627501
-2.22363044
2.44302601
-1.96065229
-3.06482776
5.73431308
2.00087811
1.30491681
-0.77799671
-1.71732786
-0.15518187
3.52216764
2.51013836
0.31993279
-0.35498347
1.02324844
2.35209306
2.74429593
0.29931049
0.37534905
4.24202205
-1.80171730
0.00028215
0.91618156
1.82286483
-3.04775289
2.70147794
-0.68175493
1.66640901
1.64648059
-3.57316051
-1.29582098
5.27264976
-1.16086806
1.96548372
0.78233473
3.72576124
2.44922844
1.13641667
1.95947617
-0.16345936
0.95482479
2.58116847
2.07204204
3.87273931
4.24643176
-1.70435884
3.53247275
-1.64931978
-2.07783851
-0.86239125
4.71412138
0.07531492
-1.15276087
5.33582810
-0.55802680
1.64582436
0.41075700
1.19523335
0.26508472
2.84099533
3.17444218
2.11962410
0.96235462
4.97974941
3.42392324
-2.21124168
5.94161646
4.62889983
3.23697582
2.84118123
1.79731920
-2.60627227
0.14757398
-1.35121357
0.11721045
1.38471505
2.72835147
-2.91374598
-1.10033714
6.03533592
6.11318593
1.91556484
1.46847944
-2.07197459
0.22696297
-2.21566809
-3.14988813
1.35238344
5.79125976
6.62193122
-0.00220757
2.64621834
-0.17377980
-1.27559049
1.19272312
-2.27335860
1.70916735
3.44171053
2.51693111
1.96829838
9.53323323
4.09224575
5.12515394
6.50261893
-1.28140596
-0.88912005
0.23742116
-2.25250359
3.95318698
-1.47472948
2.17584051
-0.52135743
5.20320324
0.57142094
-1.71189699
4.37382020
-0.07746623
-0.04701969
3.50957265
-1.78744242
0.95374221
6.09859190
1.08396579
0.67407294
0.05992746
0.28035406
2.94564361
-1.52534059
4.14607069
-2.81195236
4.64453917
-1.85473445
4.75067500
-1.24312056
5.73682722
3.53209610
4.81175026
-0.20836626
0.67475618
-0.17083915
0.83958694
2.41749119
