6.11149837
7.88407708
6.07955899
5.10106628
-5.43898024
-3.48892496
4.89467752
-3.36741449
-5.16182029
-4.33211698
12.92816642
-1.48311344
-4.03287276
5.05440275
0.23372085
8.16861649
-7.66478359
-2.11417407
10.54454831
5.57399193
2.14437467
-1.48477677
1.54248216
8.51591766
4.39971543
-4.04582233
-3.96957075
-4.10160903
-5.02803790
11.41479982
9.20520231
9.73012310
7.68010260
-0.43121238
4.03896493
0.17496950
3.99483521
11.50709634
4.00279027
5.33328846
8.39829851
7.51043345
0.19740385
2.27509561
1.97116363
-5.71434933
-1.93072518
3.90387921
5.49034057
-5.62258363
0.14362071
5.40267386
9.31717164
1.96109591
7.30869084
0.19725933
-7.50634986
-2.08042143
3.33622685
9.08845098
2.89429906
7.40661334
5.94496658
6.99100725
-1.49518313
4.35244502
0.14388329
12.94099898
6.25678123
5.08565200
8.03095543
-3.48042578
3.36509506
-6.61067707
4.62457747
-5.12493280
2.12909602
-4.80185515
-0.98318864
10.35465933
1.26111146
6.40623862
-1.47456870
2.39684401
-1.45867354
2.07607834
1.86843120
4.05257685
-1.50296259
-2.51747852
-1.42363159
-2.96352874
0.49022730
3.32844093
8.85469578
1.97317889
6.28899366
11.50171699
7.60855544
7.73753167
5.76530167
0.15277571
4.29807023
6.02398039
-3.05732706
-1.91105706
-1.97526989
2.22693538
2.95178363
1.96223032
8.79014396
-5.51635725
1.76237953
-4.91145634
5.09045747
-1.90525358
5.32895313
3.86501461
3.36597282
3.09009890
-1.98482108
-2.99092818
-4.39222880
-0.08478856
10.46304265
3.99486583
5.36079233
2.94146390
-0.98519982
7.71707863
-3.00342955
4.20184073
1.95890763
-3.02546897
2.03123972
2.08006619
4.02586718
0.13125474
0.86883278
1.19528223
2.96107940
11.54927641
10.79834674
0.02998371
2.05812025
4.77029923
2.21349694
6.76355571
5.40092300
-2.88123442
-2.96362668
1.91380575
0.15056647
5.41600469
-4.42231107
6.48647667
5.86657129
-7.45304891
8.37974074
0.15320060
-4.42625025
5.98840322
1.22379366
7.47813364
-0.11782326
0.88942467
6.07090758
0.24891337
-1.09800766
3.07061553
-3.98289949
8.67340142
-0.41417120
0.13010447
2.16681634
1.96002046
8.73156304
6.99643276
8.57216639
-0.81138030
-0.50209031
8.85087534
-0.97303348
-5.16499595
1.26696281
5.92019211
3.25415891
3.99950466
3.34953618
6.57038713
5.66212133
-3.90980057
-5.00327566
6.47086008
-3.32812118
3.15240969
-3.86396274
7.09007132
-3.33337434
2.25876654
-5.47264744
-2.47927370
-2.42135928
3.98967034
10.78496031
2.54248029
-3.47133952
-5.23916694
5.28061204
-5.65159911
-5.04194465
10.34507090
-0.39547580
8.51148994
8.23657182
4.26896794
6.54545674
-5.08785389
4.95703685
1.25075661
5.17623258
-1.46859892
-0.96881536
6.75397092
-3.99106202
-0.43414367
1.17742177
-4.23112446
0.14188210
-2.75352441
-1.99634822
-6.09000021
2.92434238
3.10116570
6.68915468
5.36393699
-5.60251853
-1.91105706
-7.14817110
-5.26689984
-0.97013806
-6.62166375
8.59535645
8.46803445
1.94072015
10.24202708
1.95575665
3.95165183
-3.06969768
-5.59666586
-0.48683505
3.89685125
0.89036337
-0.35158071
-5.96563119
-5.37568828
7.70520046
5.51903595
-4.89469943
-0.35085078
4.21940368
2.21917477
-0.44781161
8.92206167
-5.10583557
8.33407332
-5.12878053
3.40503643
-2.87183612
7.34246990
0.99120209
4.87875795
10.16793733
7.21433651
7.30308896
1.16114599
2.83960963
6.31892291
2.06671852
1.17287362
2.14811749
5.36389139
-1.50195526
7.46606579
11.38121684
4.51397763
5.02829111
-0.94460223
4.16193371
5.02131384
0.12404120
6.62240028
0.73602781
9.38209548
5.60252722
-1.94414750
-3.41046580
16.06266892
5.96348119
5.25740308
8.16479295
9.29294612
4.22298953
-5.47816149
-1.45962009
0.89794811
-0.42732945
11.28230827
1.97769050
-1.45766161
-2.49442662
3.31526944
-0.95115021
-1.95200519
1.25742018
3.46191514
4.95830004
1.32982434
6.33972111
6.01812348
1.95191616
6.82502253
-4.48348199
3.14407671
0.85351132
5.05887534
8.01442814
6.38250309
8.64996431
7.16196546
3.10240115
10.20661784
10.91461666
0.17737888
2.35971681
6.86292503
-2.90776926
-1.99693519
7.01575527
0.15256652
4.77030316
-5.04337303
11.19221309
5.58254929
7.62720207
7.80403959
1.26128958
-5.46187427
-0.97544924
-0.49828166
2.53664980
1.95336832
4.86653511
8.52569379
6.40056876
1.16114599
2.69308747
7.78310227
2.98603572
3.33185491
5.05635527
-2.00151228
6.34824590
2.04000413
5.90298972
0.20346536
-0.87322368
-0.92717819
-4.61353722
