2.87296973
0.92303158
3.95228689
2.81254500
1.35711321
-3.47050194
2.07585395
0.91433186
3.21219556
-0.70126958
-0.29303970
0.26567354
-0.26665336
3.85159346
2.76807934
-0.50595427
-0.57633051
0.15344441
-0.60740295
1.40390971
0.66590180
-0.55597762
-0.51564231
-0.15278301
-0.22212345
-0.32422540
-1.61674640
-0.24728604
-0.36025428
5.40536958
2.36704092
-0.56731721
1.34658258
3.35266731
1.17081086
0.39884400
1.32778739
2.51549712
0.03193528
-1.17977391
2.75978503
2.12224353
0.09484905
1.32680469
0.60861521
0.61180196
2.96572452
1.03293419
3.41643179
2.22504190
3.41116147
-0.60500026
1.71537181
1.76782138
1.27135282
0.22166153
-0.84825462
-0.94106258
1.52052607
2.46500431
-2.20907404
3.25574461
1.70250347
-0.37213673
0.61408590
2.22650495
2.59011107
-1.34638512
0.64448315
0.33153838
1.68886290
-0.21196119
2.89213798
2.77940308
2.00652839
-1.38587339
-0.03975528
1.95467730
1.27424231
-1.31889160
-1.03557730
1.59719025
-1.12380585
0.26765008
1.55321300
-0.35174857
2.52442361
2.23632542
2.16949720
2.46889105
-1.75250501
2.55098861
1.64077535
-1.36593594
0.61268964
-0.45250968
1.34055231
-0.12938998
0.00758936
2.46002076
1.76163605
-0.65624688
0.87098262
-1.69914246
0.44214883
1.68686604
1.65056483
1.21882252
1.52678615
2.10012096
1.93512493
1.90188713
-1.01801587
2.24745057
2.83910835
3.83601051
1.87808337
2.02771200
-0.14817394
0.53891513
2.41804616
1.43581416
2.59960729
2.03573045
0.47030061
1.47556000
0.58542029
3.45273953
-0.27054914
-0.75617070
1.54238347
0.52238849
1.38369204
-0.18621490
-0.61738346
1.08031978
2.99549886
-0.00940852
0.04229266
0.42654201
3.76067382
1.79022753
1.44136528
3.51292592
-1.61977467
-0.10478522
-0.82368473
-0.08936730
1.34108447
0.65597619
0.63900641
0.47243006
-1.27099017
0.25083091
-1.12394632
0.43244494
-0.72900380
-0.80761428
0.59769913
2.96432669
0.14732825
3.46503485
-0.64952539
0.81429534
-1.40511033
1.35809491
1.12685511
-0.68541822
-1.38046130
-0.43706796
-0.12167925
1.74979945
-0.83137216
3.05577346
2.39505242
1.03389898
-0.53505794
1.30759562
-0.04344485
0.39690500
0.28929088
-0.22883269
1.02955486
0.59942105
2.82338484
2.84145718
1.40688562
1.47024743
2.50592855
0.91533024
-1.29808407
0.59675623
0.05596548
-0.18543197
-0.12389322
-0.95819542
0.87418457
2.53427026
0.06103200
0.72519865
0.78554123
1.40688562
4.07991594
3.24456365
2.09931361
-1.82999989
-0.24215824
3.70698182
2.01012811
0.90767108
1.19980199
1.99514874
3.48119921
-1.23019109
0.20038918
1.78762438
1.06860856
2.00639295
-0.40038695
2.38521665
0.92686312
-0.39850415
0.99724584
0.37075489
2.86636855
1.75029524
1.56133479
-1.86066956
2.60836674
1.81720098
1.82371956
2.21288347
0.91036785
1.16034598
-0.72593047
2.01661262
0.90563495
0.69768131
1.23482304
1.91154429
1.46587446
-1.63494911
1.69124672
-1.89364714
1.87227290
0.85545468
-0.00673579
2.50477664
2.73521762
-1.19517575
1.14014434
1.61489428
1.15015648
-1.01687317
0.09336209
-0.02341586
1.96370240
-0.19329359
-1.85271049
0.49554814
1.84595864
1.22503286
2.89397517
-2.11153255
1.47311809
1.41626946
2.43000263
1.16310869
1.84728692
2.79642741
0.15394023
2.91634600
0.44040823
1.51162790
0.42739606
-1.07296625
3.06789672
1.79769500
4.63895657
-0.15055111
0.13991729
-1.24442766
1.02450719
3.17939652
-1.08392418
-1.98854242
-0.36170870
1.99444564
4.10027994
0.93485441
0.81621024
2.54067793
1.90515552
-1.00727259
3.42093272
3.45520177
-1.27604233
-0.03320277
0.39138934
0.92413930
1.61857974
2.00597225
-2.19472653
-0.25231556
1.25795241
-2.47238621
1.94699554
2.29159135
0.72634757
-0.72130776
2.02000291
-0.22685244
2.00110497
-0.93552797
0.94278912
0.20618115
-0.26131906
-1.56874518
2.98825646
-1.11678210
-2.04031297
1.16869201
1.64073374
1.30341875
2.93206462
0.18365975
3.43154411
0.54631842
1.49606590
-1.67672517
2.21920007
-1.37021515
3.35426677
-2.26302277
3.99422925
-0.56132692
0.87391584
-0.28780913
0.98539533
0.70212175
-0.67391545
-0.13528449
1.94710128
2.19269517
2.11284126
3.16374336
2.54486088
3.84970974
0.29705473
-0.27052188
0.26380147
0.25460198
0.32447024
1.31716379
3.38550476
1.35237367
4.56611865
1.00452582
0.26229732
1.62770352
3.91497140
-0.25695583
-1.05330824
-1.24872671
0.49307096
-0.86997835
1.92702231
-1.53057037
