6.32041470
3.69195675
5.03082643
1.54936517
0.20336953
-4.24105737
0.90794241
4.83397445
0.60772693
-1.07877968
-0.91817385
-1.97865753
-1.98763157
-1.09281202
4.56455862
1.81244795
1.90051213
-2.96032199
4.29861704
0.21363443
-2.81706038
-2.78775971
5.25128576
5.16599607
1.89021623
2.92570102
0.65122224
0.79446277
1.79567182
3.77798614
0.27261596
3.54294662
4.24751268
1.50292478
-2.48835897
6.11976780
4.31186964
-2.54046937
-1.09204340
4.53479901
5.13389191
5.28471270
-0.67568873
6.41492552
0.94070650
3.15336566
-0.51935984
1.21980701
5.94867133
1.59848280
-3.62205383
5.29595907
-0.20904851
4.28786195
5.69755712
1.30454854
-1.16374246
2.45276059
-1.64104261
-0.76641381
4.13109183
4.56917751
-1.70220450
-1.40739192
-1.20827579
1.67840553
7.47805947
-1.25236178
5.82709693
2.03810067
-1.26641467
1.85186063
-2.74916726
2.27989846
1.90748603
4.91612939
1.86323487
2.33118001
0.88583940
3.57223364
3.93713083
-2.56551579
3.64403598
8.49258871
-2.74366717
2.68146979
-0.42853673
2.54663317
4.09169513
-3.67903479
5.14219393
1.63660268
1.88610775
2.24639734
1.24986866
6.11530510
2.90704811
1.47317234
5.85872853
-1.54854143
1.04630448
1.68592847
0.57110713
-0.81152068
-4.46584628
5.48122299
1.34770326
1.24681337
-1.40219663
0.77873179
-0.44489033
5.03857413
-0.41984197
2.63358600
3.54327947
5.63852889
3.29079770
0.48779495
1.82534181
-1.49854763
-1.33238174
3.36217859
1.56070413
3.09250874
-2.56629550
-0.26381226
-0.73294971
-4.60347627
3.45401557
-4.32896298
2.01190820
-0.16196792
5.75684326
0.90270856
0.29192972
-1.67759787
0.12861188
0.56734485
-0.21624249
2.09448222
1.03522661
-1.06544746
-0.08244526
1.66797974
1.51667194
4.46516695
4.62118613
3.36893211
4.21650560
2.80158360
6.92748168
1.77058700
5.26531494
6.05004983
1.20929697
1.46976572
2.06072980
1.34986048
3.65411309
-0.72355753
2.65710871
7.29648939
6.64673156
-0.50820640
0.09576837
1.82463466
2.23013781
2.47826722
2.05108429
0.36670181
2.69105203
6.43864566
1.60561493
0.18783738
1.96569277
-5.09767553
2.92674929
5.30210090
-2.08822252
-3.24640609
4.06225711
0.64516631
-2.49817167
-0.74816584
4.56725676
-3.46900683
1.98494905
-1.79242808
4.22439131
8.55458233
0.30587262
-2.69448791
4.15516469
0.63433993
4.79142473
6.20210288
6.06400747
0.65707650
1.45749884
-0.55458707
0.98329863
3.19737829
-1.45008361
-0.05381880
1.69955732
-1.29874556
0.66184090
-0.84879728
1.92243076
-1.24272326
3.62544686
0.38389608
2.93365689
7.96733185
3.01232472
-0.12940741
1.29071965
3.82789829
-1.92903620
0.22471103
-2.44311354
0.64255877
-0.06782313
-0.07089195
6.82436255
0.41265729
2.99844113
1.58372793
-3.50095713
6.13090416
-0.21196832
5.37837581
2.15080711
2.39412531
2.89409249
2.48286430
2.87117604
-1.18673040
5.93820726
-2.56053782
1.64928769
0.66299377
-3.53886288
5.73895247
3.58703984
-0.39998274
0.59424508
-3.46053104
6.00887303
5.29278172
2.95499246
5.14569667
0.41433978
-4.21251084
-1.70684450
5.34344866
-0.21433554
3.86126868
-0.75931903
2.97947252
-0.14653266
1.60523307
1.23666130
3.54276993
3.19135993
-1.72812817
-0.06118794
1.91833148
4.39929704
4.31223483
-2.46791048
4.13096751
-0.10975088
-1.51008879
0.58859495
0.66697580
2.97268726
7.01431421
0.86661385
-0.70148591
-1.65413763
3.12531586
2.32414103
-0.22535347
-1.21697341
0.58657962
1.73802331
2.97928578
2.57505094
-1.65771113
1.66079697
2.80491370
3.24838769
-0.62757443
-0.34187993
0.64140677
5.34526105
2.80085737
2.25794044
5.07558903
1.49233997
-0.59734381
1.38176496
-0.66873458
6.23589284
0.18280842
3.87314179
2.93364868
3.48584701
1.63767135
1.26579252
5.50937765
0.28028646
-2.09082387
3.75298319
0.97643223
-2.32505589
3.96844605
1.08724983
4.84682544
0.53196868
4.36821817
-3.96243428
0.62292252
-3.02794810
8.23533346
-1.79196081
4.30191970
1.55470478
-3.39771774
-1.90883465
4.68247942
4.30399082
1.82725858
1.30802903
2.15676577
0.18253566
4.88388893
7.26676163
1.52838837
1.61901241
-2.45038546
-1.42459736
-0.11995217
1.61290606
1.67120442
6.28440463
6.14237583
5.38265283
3.52135617
6.71523294
0.20931451
-1.55792595
3.26668627
2.42158453
6.28064071
3.75915890
-1.27696864
2.99525318
-0.51940282
-0.23861011
0.21881970
-3.15244215
-2.90716031
5.23565857
0.54174861
1.04774102
5.88004233
