-0.30802327
1.22039368
2.12736990
1.67240930
3.89667773
1.47715159
-0.69656267
3.16601477
-0.20186472
-0.98098942
-0.41424068
0.33151779
-1.51972582
-0.51785847
0.07096223
0.52082979
-0.06331966
-1.02088906
1.20675850
1.83294776
0.20980041
-0.95131939
1.05428428
1.93707938
0.18039899
0.38993673
2.13753796
0.99908027
0.38728269
-2.04297708
2.58120353
2.31749368
3.71045388
0.71289692
1.09890466
1.24692797
-0.59297299
0.71779303
1.90473264
-0.96749756
1.13741111
-1.35841522
1.09005069
-0.73149461
0.46411973
1.64629257
-0.27409674
1.71442715
0.72440451
1.15076244
0.68680381
0.08790306
-0.60239410
-1.36657837
1.90029117
-1.17974596
-0.37386187
2.83330709
0.42433562
-0.04254249
2.21318050
-0.06885632
0.88600093
0.51244928
0.55448460
1.19725185
2.95646257
-0.31087379
-0.62922547
1.85049060
0.41193989
-0.22340686
-1.20171154
0.07685900
-0.18336231
3.46848261
3.21308358
-1.78595332
2.40794231
0.29603201
-0.78519910
0.63549107
-0.02104275
1.81516646
-0.06997108
2.72475860
0.21800122
1.26831519
-0.32684258
1.09689846
0.07332683
-0.66775779
-0.04436756
0.84995030
0.31643339
1.69260624
-2.07675554
-1.09124320
-1.71499428
-0.24603370
2.90391120
-0.77975339
1.49959201
1.75749589
1.64890152
2.75529294
1.81398181
3.23170809
2.46099358
0.70330551
2.38452632
0.37025704
-0.58035493
-0.73419970
1.01631620
2.46344573
-0.70059265
2.12717156
1.26950286
0.12056535
-0.77293850
-0.92016626
1.32092461
-1.29094660
0.44770012
1.38342077
-1.44732051
1.61092073
1.39659134
1.56636140
2.51196388
2.63087816
0.38781075
1.24725389
1.77869990
0.30076317
-0.57828357
-0.96391414
1.79946893
2.08507643
0.24742026
2.02777590
1.30391904
-1.34129782
0.56933468
2.20097596
1.17451284
0.35288711
-0.69460075
-1.90536530
0.08643988
2.08196740
-0.20728796
-0.00758321
-0.24667272
1.83434471
0.30339705
-0.22499358
2.54469634
1.46287020
0.49607575
-1.83824922
2.55723142
0.85854086
1.33716429
-0.52262863
1.35061265
1.83415607
0.84432207
-0.29289838
0.58919512
0.77951561
0.86863454
1.24338406
0.88938860
-0.58859578
-1.83731064
0.23600658
0.76128604
-0.06057718
0.81710702
3.16285803
-0.24909797
0.86886152
1.09610473
2.06154558
1.00145003
1.33600110
1.31525067
0.42138610
1.04382093
0.72029354
0.57811429
-0.28826137
-0.38139338
0.75533867
0.79788570
1.45748612
-0.46108463
-1.83131862
0.77124232
-0.27677097
0.18075866
0.23263827
1.17959439
2.49968708
0.97594032
1.61195348
1.54946290
0.42874515
0.09158799
-1.52326362
1.21879334
0.44912878
0.71647441
-0.00560804
-1.74395803
0.39395434
-0.92327452
0.19257758
0.57728619
2.38171319
0.64713810
2.05042734
0.71908693
0.19896955
0.71018293
-0.02163359
-0.52957337
0.71973827
-0.08303392
-0.60830576
-0.46938387
0.80179697
0.31930483
0.15245766
1.72642731
0.02439564
1.59256433
1.17230324
-1.13008984
1.78586120
0.24413039
1.13191045
-0.57773780
0.93348434
-0.59591382
2.61118174
-0.80555368
2.10057426
0.52198534
0.09016932
0.21025724
1.28256917
2.52987770
1.08414207
0.27568002
-0.55816552
2.92153631
1.82831070
0.32732805
-1.51378672
0.64928712
0.65600199
-0.58781866
-0.54928277
-0.53995204
1.27677079
2.56843272
-1.08099517
-0.88265499
1.40677254
0.21961689
2.03263567
1.63551843
1.31198549
-1.41805541
0.78815633
1.37038682
1.80214847
1.90675345
1.29727563
0.61051769
0.56343053
0.38982221
1.28708807
0.84284436
0.25633201
0.82684791
-0.39066628
0.17834942
0.03875734
3.02333702
2.18832836
1.04495063
1.63179606
-0.90296302
0.93517425
-1.64622931
2.02680579
-0.07858742
3.32179142
0.97994322
-0.14566977
0.54870680
-0.67221492
-0.25441073
0.31884398
0.37571863
0.61057349
3.22822138
-0.33848697
1.03934816
1.06718588
0.17391943
1.70898243
1.31060609
3.00940029
1.34571639
1.68022071
1.07347239
1.43149722
2.96934521
2.11436320
0.88345461
0.74810576
-0.11382168
0.01739481
-1.55816257
1.30478400
-0.83024472
2.14069353
-0.56876339
1.99510041
-0.65621897
-0.65070148
-0.25042262
0.68105074
0.10863953
-1.22456946
-1.71754323
1.39992357
1.41008220
-0.05501545
0.38993673
-1.01359099
-0.76772911
-0.24145641
2.00670021
0.84991862
1.17357156
1.34857947
0.59147587
-0.05783709
0.55954307
-1.41727113
0.32873312
0.17011415
0.72664092
-1.07912334
0.55478703
0.10081651
-0.33900132
0.28618430
4.30251589
2.39612249
1.85912209
0.36374529
-2.00258051
