-0.37602385
4.73586632
3.93385695
0.03183646
5.57152992
0.61224355
0.87766483
-2.84185117
-2.36711388
4.84277566
-3.86315348
4.01635636
4.82536870
1.30700673
3.09414771
1.53251866
7.51891181
3.55824765
-1.64929485
0.14797987
-1.18209504
-1.10210336
-0.07148015
1.97846149
4.83045823
2.80805014
7.58757791
1.44757659
-2.42638247
4.40248867
-0.27628269
-3.54435395
6.55719576
2.22411419
-3.36631972
1.40673486
0.90319107
3.26817165
0.96844360
-1.20512293
4.09254299
5.82729107
4.36953148
-1.62059895
4.51708765
1.96350610
-0.16804669
-1.07380861
6.48499385
-0.50046701
3.64545482
1.80636238
3.56533450
-0.79132019
3.30351289
6.63959059
-3.21398526
2.39822102
4.07978516
1.34911714
4.93843800
-1.40147597
4.82754852
-1.38677268
4.16486545
2.01383520
2.72878036
-1.89643280
4.91381824
-1.07512406
1.89335886
-0.83358119
1.48844606
4.51382247
-2.96250431
4.75159208
-0.65453601
1.25448948
-0.70346071
-1.37067471
-3.38977639
-1.74963649
2.83286689
4.84841499
5.58950969
6.98940508
2.65095835
4.03335571
-3.06299828
1.07473708
3.41234940
4.38499478
5.64914414
5.57467715
-0.29113537
1.06426907
3.23190621
-0.54640881
6.77390130
4.31358870
-1.45641200
4.87265377
4.12789839
3.40898792
4.87131564
3.32595176
1.71305365
1.74019546
2.74008869
-3.25825088
0.11974275
1.51463282
1.36249379
2.12777309
1.54134303
2.23836622
-2.35253481
-3.91355388
2.75871705
3.49140497
4.89924134
4.89724313
5.07353662
-1.43557136
2.88916673
-2.34750357
4.05840444
1.18608946
3.25166379
3.56509984
2.87139693
3.10524967
4.49212951
5.55344833
3.52040297
5.04131648
0.94494024
5.85024864
-2.53856056
6.27281041
2.20149633
-1.82387285
-3.66919220
-1.01833607
5.94816200
3.46219967
2.52059546
0.56117670
-2.16882218
-1.32325434
0.96513859
-2.49072004
2.82028097
-2.44569595
-0.98660910
1.66135255
4.67149164
3.45275240
6.12023398
7.55696460
0.79082032
3.65560355
-1.00471348
2.47958867
6.60031167
0.19307460
-1.37067461
1.72863882
5.54648365
4.68791283
-3.06768583
-1.01560141
-1.79059196
-2.37577581
6.41128983
-0.62954554
2.37878333
7.63844893
-0.36953450
2.91200127
-0.14475150
-2.50589859
3.99277841
3.47935457
1.47149201
3.89353063
2.42845499
1.11695658
6.72714703
3.66976655
-2.56493101
0.79531521
1.92042742
-3.16822278
0.84113133
3.74421855
-2.54401853
3.77448604
1.24972460
0.91600423
1.16180091
1.97119866
1.77862213
5.97320141
0.88160924
2.31204111
2.33454631
5.66961663
-2.07327217
-2.10608637
-2.34663040
-0.42807609
4.57196974
5.98227429
2.81309727
-1.35563032
2.81370411
-0.11737441
0.05037830
10.17711365
2.54396960
4.81009427
-1.51771986
2.81104209
6.67610388
6.69606476
3.46268493
-0.26844648
6.56909570
3.46054438
3.91140472
-2.23808045
-0.37955137
7.39316576
2.43944101
0.89544751
5.22645287
-0.79891556
-3.43480761
-1.92838017
0.45389260
5.92424795
3.62428965
4.27486748
-0.18362458
3.15966555
0.54222693
-3.87401702
1.20847572
0.81823858
4.92672486
1.81381603
3.84581421
3.86830429
2.94621973
-0.18383922
3.31981266
2.90067856
6.44359386
-4.10856629
2.56403426
-3.49148516
-0.31609144
-0.28531502
-1.16962468
-0.76929024
-4.99536005
-2.71910219
-2.82571454
5.63102598
-0.38793945
0.01652332
-2.33849606
-0.83407048
2.19437036
2.22127716
8.39426116
-4.26469940
-3.56169798
4.43415018
4.40893507
5.43309208
3.48994460
-1.96602644
5.95506936
-1.28344322
0.85535646
0.79525371
0.78226753
-1.99159933
2.34396379
-4.58921175
4.57361865
3.53007581
5.67770568
1.11855363
6.55852733
1.01181752
0.67820797
-0.78214883
5.94176473
1.78883995
2.06598832
-2.21904415
-2.05704804
-0.73393036
0.78838303
2.87380022
3.76410221
-0.81171688
-1.98785701
-0.64672015
4.45877869
2.36385649
0.32339430
2.14901774
1.77383283
0.80488113
5.61625063
5.48635574
-3.67806503
0.83102661
-0.82310356
-2.34837826
-0.84026601
-1.04627857
-0.52559357
5.67870907
0.78372997
5.86910158
3.61480419
2.93157823
-4.55779600
0.63172951
-1.40082607
-1.61954059
5.57421891
3.28989707
-2.14268233
0.79160083
0.22771730
-1.16175564
2.59793154
1.21454335
1.20351906
-2.43365350
1.88027134
-0.22170171
1.91288783
3.36113816
2.77825192
5.34931966
3.69201962
-2.30119542
4.37671630
-0.98846196
4.37477265
5.00047426
5.49745219
-3.97784204
-4.71532438
-1.90033252
1.98617242
-1.85697357
-4.07613364
-0.32227915
1.55746484
2.19526067
