2.67830645
-1.12889682
3.65276889
4.23704202
3.14334962
-1.53712915
5.36954716
-0.01796937
0.46265627
-0.69288190
3.51048912
-0.76523433
-4.38801653
-1.81719430
1.99480187
-1.38515508
-2.36385125
0.62912158
3.23992659
0.21711067
1.73452188
6.82077271
5.91475433
3.47098422
5.78179656
-3.35379607
0.57793094
6.54380403
2.09774907
1.13755012
1.57984514
0.89670629
3.58937523
6.15716291
-0.78969815
0.45561006
-2.41350307
-1.11106987
4.04836817
-3.96901961
0.73131804
0.24706086
-2.14999734
5.71317489
1.74682502
0.86731654
-0.13369086
5.59337544
5.03784302
-0.39050471
-0.73401294
2.57658851
1.99517651
2.47462831
1.02109514
0.37323483
3.17262036
-0.87996866
-0.37637100
0.77856600
-3.57836936
0.91836156
1.67713936
-0.99051009
-3.38248970
0.75831952
2.07390520
3.46537880
4.10396016
-2.61406260
-2.72373762
-3.12625974
0.77567230
1.26611409
3.29402847
-0.10689145
4.94967464
0.59734560
-3.17829765
2.04797241
-1.09445973
1.15734248
3.26429817
-1.41290588
-2.32479019
-2.82806792
0.24955661
0.61689551
1.41605534
0.53873111
0.21744973
1.05725198
-1.05345109
-0.29184743
-0.00970000
3.65210708
2.53700189
3.69027534
2.02247369
4.43084553
-1.05485789
2.19171987
4.56282103
-0.90265865
-1.90737337
-0.98909465
0.90127876
-0.59976161
4.47333279
-0.36563464
2.56831305
-2.06766158
1.74366826
1.39602329
-0.24020705
5.94121135
6.25094370
0.89371597
1.86465636
-0.69337196
-3.05659442
1.09304038
4.59880210
1.62816548
3.61589483
-1.48502203
4.13570363
2.82412570
2.14802748
-0.08649920
4.22178746
1.40355900
1.84263833
-1.40535382
2.06887411
-1.11454911
4.43588028
4.08977936
3.26354776
0.81245462
4.82550383
-0.77210058
4.28362384
5.49657021
2.45497029
0.49378860
-3.92434805
-0.28288406
-0.43111847
-0.25656183
-2.19643426
2.43618034
6.29187352
1.38767451
1.07243497
-2.98378598
0.13851114
1.48012133
-1.08920166
-1.14662720
3.23956920
-1.54343763
4.82598458
0.69673206
-2.45407803
4.24787899
0.84269286
0.49543322
1.24805247
4.86947520
1.13709944
-0.32931225
-1.23708962
-2.14615483
0.77325401
-1.10197578
-1.89849725
1.69510761
-0.90378043
0.64933442
2.95665792
-2.01887188
1.83086361
1.30380008
4.02936865
2.85901491
0.36468400
2.91331297
3.78000706
1.25099041
0.62174395
0.16863585
3.41156640
-1.23471734
0.14915743
-0.49290282
-1.76509287
-1.87081568
2.58990795
-3.76338368
-1.49358112
-5.12535688
4.37730108
-0.98526623
-2.83161023
-0.30592782
1.99586000
0.57747995
1.21986816
-0.95771116
0.59729999
0.20157348
5.39463593
1.31402802
0.54438603
4.24147787
0.98647737
-0.33432627
2.13995661
1.21768786
4.26056305
2.96580441
3.25678522
2.98524228
3.60163844
2.87780213
4.93717632
3.00530654
2.63588948
3.38580115
0.86905452
3.87195566
1.47088269
-0.56438381
-1.67711355
3.23257156
2.57517036
-1.00157270
0.81523208
6.34351428
4.61565274
-1.67729037
-0.09364413
2.59254003
-2.41469818
-0.10091209
2.02114520
3.08277566
1.02050930
2.00763348
-3.06619346
3.39248756
-2.15306133
2.89332410
2.37843229
0.21432734
-1.13882437
-0.19737658
-1.84897043
1.56385460
0.84503159
4.48244397
3.64683633
0.40203705
4.09261597
4.08784905
1.36738996
-2.28012990
-0.28055611
4.52471751
-0.00438684
1.87169280
-0.20921415
-2.40745550
1.84611363
2.00292330
-2.33957995
4.07955543
1.53684375
5.61932980
-2.12424237
-3.11521662
1.12495179
5.05379273
4.47034866
0.41397577
3.03879058
1.97124745
-0.78688648
1.33250272
-0.35924365
1.55868219
-0.97559008
0.56361263
2.85280667
-2.95750745
1.39149464
-0.19256581
0.44219627
1.99949129
-0.79531778
1.93033789
2.23336323
-1.07594904
-1.92936808
2.33335397
2.04939148
2.49827522
3.15885377
1.12043425
0.94752152
-1.20573764
3.74123602
5.86987159
3.73200035
2.39425123
3.90672649
-2.01354107
-1.89867762
0.92071041
3.92486260
0.28936899
4.24266681
-3.52984662
-3.14087743
4.39912167
0.05567052
-1.28372702
1.87546943
1.37646106
2.59840234
2.35912722
1.74292358
3.49320783
5.80298421
0.56582913
2.24061511
0.53190087
-0.90662532
1.11730618
-0.05218735
1.63020234
-0.46597192
-0.81621121
-0.58383591
3.32792414
5.10893659
3.22797452
-3.74805827
-1.00671559
1.08781185
1.55622680
4.66669512
-3.45140466
0.59510437
-1.85857438
2.16411577
0.85690977
0.30445204
4.76677024
2.12542464
2.86696480
5.68595351
1.14022661
2.17433220
1.66547546
2.62891635
0.47331855
-3.99288625
