-0.33931849
3.86619926
3.16492642
-0.05558009
4.57718061
0.68862654
0.75154406
-2.20209096
-1.91301299
3.92936802
-3.19739970
3.32911448
3.83163074
0.99752205
2.59708075
1.14638762
6.21191660
2.91505559
-1.32162261
0.02759987
-1.05276602
-0.98147290
-0.17128921
1.66581434
3.93506636
2.24281000
6.05959515
1.03680574
-2.05123109
3.56531662
-0.18666012
-2.96210350
5.43672870
1.78090353
-2.78713420
1.22001578
0.62506879
2.55546105
0.67829357
-1.06103223
3.37605702
4.79462643
3.58426094
-1.29733581
3.60971388
1.68467471
-0.09032994
-0.91933389
5.27530548
-0.40423083
2.94869438
1.40313153
3.00434021
-0.72992596
2.75952409
5.57015423
-2.61032140
1.92860956
3.35139785
1.18846323
4.07162558
-1.17011933
3.95183436
-1.11129708
3.51122816
1.56993527
2.17674080
-1.58632315
3.98348763
-1.02298776
1.61285780
-0.85577255
1.19809809
3.59851283
-2.75352013
3.80195860
-0.53331542
0.98079732
-0.59512737
-1.17282093
-3.01753731
-1.46317133
2.28606234
4.01638608
4.54424598
5.70997884
2.04465455
3.33117601
-2.68902851
0.80810685
2.80145431
3.56549746
4.47516283
4.49721050
-0.26647568
0.86259257
2.60022400
-0.67893507
5.41461712
3.49603350
-1.25087138
3.90865123
3.42182552
2.72327735
3.97371626
2.65449006
1.34572002
1.36470336
2.27793244
-2.84342777
0.06711254
1.12953277
0.98199004
1.62178809
1.23812994
1.76443032
-2.14346772
-3.25597376
2.09866227
2.89028496
3.93620379
3.98548020
4.00317790
-1.24455073
2.40535955
-1.78640508
3.28145558
0.92621592
2.63062304
2.86962299
2.35995685
2.62734251
3.62645880
4.58450142
2.85587857
4.21253652
0.75068132
4.79658926
-2.20907748
5.06863203
1.86387272
-1.45117143
-3.24721753
-0.85917078
4.92051703
2.86256835
1.95049239
0.36625044
-1.98369550
-1.09891370
0.71037535
-2.10653289
2.29417320
-2.08675670
-0.73114535
1.46230560
3.77917159
2.57602398
4.73320242
6.30303599
0.67344875
2.80174138
-0.86010007
1.94069295
5.46753064
0.05896113
-1.16015866
1.39898355
4.67110203
3.66295619
-2.43086203
-0.79067221
-1.50186617
-2.06965678
5.16292002
-0.56070708
1.85784911
6.24639933
-0.30009621
2.41217519
-0.20501333
-2.12865943
3.18104934
2.86350000
1.07179565
3.15104567
1.95724989
0.89623394
5.52199300
2.99135976
-2.04454664
0.68016487
1.54364460
-2.73533426
0.82997171
3.02368389
-2.20437945
2.97764715
0.95900157
0.77483590
0.88941015
1.65079422
1.44173608
5.02075711
0.73265271
2.03413321
1.76474419
4.65865131
-1.81994709
-1.71257348
-2.04613370
-0.35835009
3.72557647
4.89698333
2.29217271
-1.15478797
2.22985480
-0.16752126
0.04666946
7.96085594
1.94894087
3.82343461
-1.24898081
2.35650246
5.49147932
5.43245841
2.82550170
-0.26463941
5.05389531
2.65748510
3.22969315
-1.85294435
-0.43490022
5.85609461
2.01367778
0.71570223
4.34589329
-0.70645753
-2.68789409
-1.65195758
0.24302420
4.78474814
2.97611732
3.57030904
-0.06924346
2.67287595
0.39860790
-3.27219428
0.96857550
0.65418350
4.00119590
1.39957219
3.08153680
3.17892637
2.46837656
-0.11601812
2.60240380
2.40881909
5.20030726
-3.30062939
1.98203854
-3.11098796
-0.26175231
-0.25009559
-1.12218279
-0.66906448
-4.30070001
-2.25690008
-2.26353159
4.58817601
-0.34344864
0.09375374
-1.82199050
-0.69779860
1.81074831
1.77607818
6.80530907
-3.27844483
-3.09999955
3.35749389
3.65334996
4.33583065
2.78801996
-1.61894438
4.85917028
-1.09219697
0.69218213
0.69892587
0.65382964
-1.70911440
1.92149270
-3.99719171
3.65574566
2.83056987
4.79043888
0.88670191
5.28761462
0.71001449
0.57575258
-0.65484184
4.72687379
1.52318591
1.60310207
-1.95370124
-1.65431885
-0.70685259
0.64804987
2.38876823
3.03414427
-0.75404634
-1.58488186
-0.56575743
3.61102002
1.91040722
0.38857625
1.73720322
1.49788797
0.66994574
4.63957240
4.47869958
-3.09459424
0.60582642
-0.69270110
-2.08068144
-0.68680161
-0.88764255
-0.60372249
4.66882818
0.70260919
4.62914798
2.95496403
2.36330480
-3.95166917
0.53683552
-1.15547202
-1.22290869
4.59667884
2.66419507
-1.96298789
0.65186915
0.13987018
-1.03755084
1.89355897
0.96942176
0.90592522
-2.06002577
1.60629432
-0.16463779
1.47334770
2.81597302
2.09437236
4.15511716
2.89479754
-1.98873757
3.68768190
-0.92302024
3.54026315
3.99421387
4.56788712
-3.09711239
-3.93921290
-1.76455946
1.60819802
-1.62051850
-3.29380902
-0.22282255
1.30061556
1.87024360
