1.78041747
2.33639221
1.76137915
1.12362807
-1.31525359
-1.04718313
1.22983354
-0.64338762
-1.48312195
-0.60868166
3.18847377
-0.52205962
-1.19954511
1.46299369
-0.43337673
2.54668363
-2.08877748
-0.54486299
2.88877868
1.66222403
0.25149591
-0.35511293
0.21270568
1.98034318
1.16049046
-0.39037016
-0.96655751
-1.29166122
-1.27246015
2.95133107
2.27670232
2.94052103
2.19419994
0.02463497
1.15948047
0.39343775
1.21421872
3.31519093
1.37338652
1.31209520
2.46117840
2.21781124
0.27087499
0.51216899
0.55343952
-1.55939993
-0.62241404
0.83349425
1.48515586
-1.59420791
-0.08885984
1.70399180
2.95125203
0.51632259
2.07272295
0.28187552
-1.62561594
-0.74979217
0.98026252
2.67499660
0.44006332
1.39061682
1.52929799
1.46143445
-0.41783457
0.81808472
-0.03315207
3.45739454
1.18595156
1.38070999
2.43825859
-1.14074499
0.94415011
-1.83726225
1.03231982
-1.57203337
0.53512373
-0.63334059
-0.04230063
3.12198834
0.29817848
1.68946862
-0.41560121
0.30514532
-0.41979401
0.88148724
1.23303828
1.29690799
-0.58729341
-1.00111141
-0.54639248
-0.67222184
0.79539657
1.02923118
1.66021763
0.33710763
1.72940686
3.33601501
2.25887529
1.78841187
1.56996778
-0.20661254
1.27905897
1.61209858
-0.82702826
-0.81742474
-0.74990861
0.64186004
0.96036088
0.22139058
3.06935625
-1.48123453
1.67702341
-1.69663945
1.35528827
0.17141559
1.82822989
1.14384634
0.68578355
0.53079441
-0.53712481
-1.01304069
-0.87706130
0.11311026
3.15015827
0.96646229
1.81102657
0.61865777
-0.26223017
1.89164713
-0.49033776
1.20126713
0.51277347
-0.20576959
0.71901748
0.40818396
0.86700478
-0.16497644
0.19132762
-0.02847577
0.52008505
2.47295465
3.15339737
-0.10791356
0.61129514
1.23752374
0.41983131
1.91327486
1.53822507
-0.28966556
-0.73168884
0.37665113
0.05338829
1.45819071
-1.64434232
1.74751554
1.57625661
-1.16439597
2.22110630
0.17171897
-1.12850677
1.74368355
0.41541521
2.23476124
-0.50573879
0.36713546
1.75018644
0.15979130
-0.03470757
0.69123559
-0.91274918
2.36084621
-0.17159334
-0.34814914
0.28851991
0.44289225
2.91039982
2.37924939
2.35691052
0.15781273
0.91714521
2.51280393
-0.28263598
-1.57752488
0.67518093
1.70022931
0.46920463
1.11995710
0.84343519
1.91008853
1.41748393
-1.41904912
-1.13569695
2.17494653
-1.03345702
0.90193663
-1.02629837
1.37907550
-0.59008299
0.74078141
-0.76676457
-0.60853746
-0.36013864
0.88256149
2.54854937
0.85620579
-1.10825871
-1.79678562
1.63397726
-1.44054798
-1.00942778
2.12843134
-0.15547816
2.12328401
2.38182829
0.93737696
1.58458200
-1.23082122
1.45519331
0.39663494
1.45691403
-0.24110637
-0.29281202
1.86798380
-1.07638152
-0.05312643
0.14416181
-1.39253830
0.07488913
-0.22557665
0.13312592
-0.72357744
0.75036964
0.78656694
1.81182240
1.38639896
-1.16565445
-0.81742474
-1.34535520
-1.89117624
-0.44728198
-1.66585310
2.41647010
1.52920841
0.37711355
2.64787890
0.38586544
1.00929081
-0.85598400
-1.10918216
-0.32583854
0.78198203
0.11461857
0.07171915
-1.95272725
-1.92202322
2.23659646
1.55064590
-0.72186803
-0.06896524
0.63059196
0.50793192
-0.00501197
2.57792788
-1.57959351
2.19373206
-1.52844995
0.87594598
-0.83794537
2.27253198
0.39621032
1.73361716
3.22924437
1.71374171
1.62735080
0.34702213
0.81727081
1.62446646
0.74692640
0.30187272
0.26864756
1.61469480
-0.79918360
2.19325267
3.35840686
1.31620740
0.47696231
-0.37175997
0.82714500
1.28938074
0.26954551
1.86848686
0.56633394
2.96798464
1.50995759
-0.19602494
-0.79504400
4.37038220
1.80845106
0.81842718
2.45495134
2.11345622
0.72944436
-1.38221580
-0.52289439
0.17224507
-0.18725256
3.56421479
0.12204233
-0.23916433
-0.84520861
0.85812946
-0.24880517
-0.49032243
0.48991027
1.17656719
1.49170875
0.42479407
1.87141134
1.64933465
0.63423125
2.15936441
-0.96044427
0.61868323
0.05183159
1.29452845
1.95527191
1.30167184
2.12691292
1.72958345
1.04115099
2.46178167
2.71951885
-0.07586034
0.65527001
1.87523144
-0.73050850
-0.17743488
2.32186433
0.01718923
1.29285105
-1.33203810
3.50099949
1.60817106
1.87422741
2.32871439
0.36514082
-0.67911661
-0.14966577
-0.60674064
0.45158621
0.42278217
1.35449877
2.40352324
1.83285781
0.34702213
0.54299790
2.08399038
0.31074485
1.04718214
1.47783371
-0.83204440
1.64904270
0.53671989
1.74324322
0.40270474
0.28362164
-0.52690389
-1.53066957
