-0.89478460
0.13613213
-3.22970948
0.83684065
4.58828235
0.27830333
4.20485518
0.95000909
-3.26458256
2.53866662
0.40080021
1.83742034
1.26663557
0.51344851
8.60137071
2.67557799
-1.89466988
2.58699256
2.30146228
1.04707089
2.19235852
0.86987375
0.72488603
8.17730578
-0.63682890
2.46234167
4.63662533
-0.51868911
1.91178446
6.43353516
3.30620196
6.76807221
-0.66450051
2.74872176
5.10231297
5.40776525
-1.24287007
-0.95807371
3.05211597
-0.53926530
-1.83904676
6.32174254
5.24923822
-2.32348750
-2.29195358
1.87560121
1.52221272
0.81844805
-0.15877752
5.04234802
0.45992517
8.20168333
4.45518644
4.59237055
-1.87093539
3.64490167
0.60072559
-2.22593217
2.81319480
0.97210249
-3.36164024
0.59407382
5.57516653
0.09146138
2.76298276
0.14049066
0.64535531
2.83395776
-2.29465455
3.13509700
2.62223910
1.41412004
0.63397834
6.42252604
-0.22675440
1.57801932
0.11946126
3.03155092
2.92879649
2.64109343
2.98275707
0.08635580
-1.10735469
-0.56733562
0.47340771
4.17240301
4.87695964
5.47139704
2.07552863
2.03763743
3.51813892
1.86281781
1.82093736
1.16980996
1.30405425
0.87235337
-0.01495966
3.72122575
5.22869933
2.23938453
2.30674873
-1.54826023
2.49345803
2.24891193
4.38479571
-1.28172704
3.37194124
2.06034511
1.15311199
0.78066987
5.31887588
4.08554505
-1.17022579
-1.99462990
2.50136449
2.25295249
7.30360231
0.94661212
4.20751136
-1.15091451
-1.47790606
5.30263729
4.76329186
1.81024211
2.85248287
-0.51605918
5.44119820
3.14363173
0.61831729
4.61459726
0.20749000
6.99511147
-3.21211941
1.12364699
5.59251799
3.14517796
-1.88866168
4.58105924
6.05536584
-2.23345383
1.55260837
2.29758928
1.75720774
3.11620974
-2.06750238
1.70311726
-1.16491298
7.07741826
-0.60992853
6.79248680
1.54881119
0.91126348
-3.38397822
-0.46168313
1.46760419
3.51542216
0.79845012
-1.75537832
6.28986385
-2.86761849
4.34579476
3.35024963
3.72186816
2.93973273
1.57114803
3.45666293
3.00288829
-0.23921546
-0.47909419
0.75042014
4.00864618
4.48781760
3.58860467
2.05799779
4.35090373
3.02890883
-2.32807916
3.92100743
3.42659016
3.96601092
-0.95873404
-2.56965610
4.62350737
4.46582540
-0.46966261
-4.82072912
1.89067837
-1.64459473
2.22833710
1.57114803
0.28544001
-0.39457347
4.58305723
-4.06429020
-1.42468473
2.71541515
3.94690886
6.54435699
4.89002810
2.56596606
-0.15028822
-0.94743740
-2.40018172
1.37417400
-0.70396720
8.20748208
4.86706183
-2.29898166
1.59247712
-0.19805607
6.90697563
0.56185374
0.70841007
-0.66216630
0.96027468
4.47267605
1.35593174
5.77477419
-0.69504652
4.96195812
0.65697706
0.74529036
0.56881496
2.40043956
2.28178108
-1.14853656
4.85763873
7.64396108
-1.20323071
2.11297792
0.57835174
1.03411406
4.32106167
-1.50391613
4.22394986
4.64569368
0.91503958
5.53724573
4.35650769
2.53352273
2.07382603
2.65241051
6.69772334
5.27301148
4.05902387
-0.47609577
2.89921271
-2.26940065
3.24574066
0.92899580
2.49548503
2.47695186
-0.16279051
-3.60337076
1.21183922
2.90626892
-4.25880622
1.10536701
2.78427230
3.99904406
2.37527880
-4.58521666
6.40862096
2.22982699
3.37941127
-2.71995050
0.11973265
-1.47177298
-3.50476137
-2.89988490
-2.20676249
5.32432178
0.87474062
-3.22470318
4.01071932
-4.57896665
4.12358715
-0.96931612
1.49856265
5.51308648
0.19938868
3.71053123
1.31743537
-1.30947487
-0.47665237
6.62898866
4.56191896
3.16971587
5.08881611
0.14441818
-2.97345006
-2.66425539
0.18256390
-0.61351466
-2.32393080
4.02265006
0.26971769
0.94155941
-1.35944827
-1.21592108
4.51746711
3.27353525
3.46714882
2.48349441
3.19026000
2.20571943
1.85290485
2.86510093
0.06375290
2.51997661
3.99537267
3.18775050
5.38990977
2.01198606
-1.74336790
-1.32721993
1.95450755
3.45295495
0.11011889
-2.29728416
4.21378449
1.11872345
3.86893456
5.24294032
4.26241921
2.45196907
5.74712059
1.63704886
-1.05164414
1.63436047
5.63944208
0.20222502
3.44604467
-1.20137245
5.79000364
3.02225085
0.53003663
0.89188189
4.46753176
-0.06645253
-2.50036898
3.09228294
-1.64290062
-4.21904592
-1.16701176
3.38760805
-0.10116105
2.26066320
-2.74629371
1.25437507
-1.55947577
0.59872593
1.20973778
3.89165282
5.61110039
0.89962822
7.37685419
-3.33442635
1.26726884
7.07147681
3.32912964
3.81014691
3.00920234
4.89278472
-2.67418155
5.64936496
7.10986161
0.48262321
1.26497220
