-1.21581665
0.39278201
-5.11840055
1.45087064
7.34168762
0.42837846
6.69132760
1.54229987
-4.97160765
4.18426400
0.48242580
3.04428263
1.37061247
0.99371484
14.16681987
4.21220721
-2.74052094
4.93308103
3.51807951
1.49444446
3.52306654
1.49205770
0.98096641
13.16014461
-0.66543843
4.03256351
7.70366806
-0.60810660
2.98171213
10.44932353
5.22912481
10.96431484
-0.63216266
4.19022810
7.76880072
9.05543217
-1.75493333
-1.20485238
4.98889888
-1.12563139
-2.65613316
10.12152371
8.28965658
-3.76258025
-3.98418188
3.07797983
2.41910754
1.52021027
-0.13171926
7.87729397
0.23667629
12.59335186
7.07303358
7.28361471
-2.71713039
5.57682483
0.98844180
-3.58404852
4.44626571
1.50135709
-5.50297619
0.98439723
8.83738534
0.44927222
4.47858139
0.40253517
0.88805109
4.42280234
-3.70937312
5.09941755
4.22036243
2.39492314
0.96890572
10.39393902
-0.24259284
2.75972505
-1.71170908
4.89080743
4.44144350
4.21365173
4.46930696
0.38746364
-1.65833531
-0.73697215
0.90511520
6.75693516
7.82558288
8.64058732
3.37830721
3.12223282
5.54233557
3.10409782
3.05986782
2.08865663
2.05320835
1.46650610
-0.17852375
5.82067049
8.30121883
3.84708068
3.90397434
-2.36146480
4.17473047
3.46579690
7.11279584
-1.68566105
5.56997317
3.16948165
1.61721533
1.57412046
8.25408870
5.86960310
-1.79354414
-3.07700558
3.68651627
3.35122450
11.41904039
1.53298859
6.84733053
-1.25736275
-2.28059538
9.13448255
7.76931679
2.60910123
4.25492620
-0.74216270
8.93447483
4.96023676
0.96972359
7.54437780
0.46237233
11.47483398
-5.00850412
1.46778504
9.21733111
5.15146421
-2.77059004
8.42717770
9.40943610
-3.22014323
2.47553343
3.58003039
3.53016387
4.89433835
-3.11071998
3.18359823
-1.80975036
10.87585297
-0.71665850
10.98182026
1.70438539
1.45856318
-5.98446003
-0.65592392
2.48621702
5.54983301
1.06307872
-2.70476025
10.50049414
-4.15523025
7.40481466
5.32767845
6.10454918
4.79446383
2.51790192
5.85701352
5.00556665
-0.17262528
-0.64999355
0.83941172
6.35134809
7.11464638
5.60619478
3.24477112
6.67223928
4.88394374
-3.73531359
6.11308478
5.41475110
6.16609833
-1.18028019
-4.11759983
7.25245904
7.10380383
-0.67867791
-7.79684567
3.01358119
-2.44686295
3.48994710
2.51790192
0.45958708
-0.67249328
7.31922868
-6.50460503
-2.18956031
4.39167869
6.17194767
10.37882400
7.97158527
4.21204706
-0.14256027
-1.35256191
-3.43738119
1.80285750
-0.83224739
13.18385106
7.74549670
-3.73189213
2.26312992
-0.17637209
11.60706771
0.55450968
1.03920349
-0.77803350
1.62273062
7.35488468
2.48012941
9.61915702
-0.72699986
8.06775327
1.12867911
1.42472157
0.90688765
3.92633828
3.38546043
-1.70961289
7.72358491
12.44561413
-1.71446764
3.39459669
1.00129314
1.47385067
7.13921914
-2.19352685
6.73944349
7.53159089
1.18074283
8.70988122
6.93803064
4.09154239
3.97007264
4.02710807
10.79365993
8.45630702
6.72539349
-0.09364085
4.72086966
-3.63441467
5.18953283
1.70246634
3.89817379
3.95567320
-0.08072251
-5.95172510
2.02934562
4.61608544
-6.20392951
2.12348013
4.24863380
6.44879724
3.87874930
-7.55737342
10.23327856
3.52149786
5.34472186
-4.21376889
-0.13133722
-2.58266781
-5.59889898
-4.31704324
-3.65325844
8.48860904
1.89352600
-5.65566783
6.54360627
-7.10142921
6.46105750
-1.24560465
2.44519591
8.67639066
0.42460549
5.93216225
2.39182527
-1.76503604
-0.68471587
10.50157721
7.24753759
4.96616650
7.92023753
-0.06342279
-4.78768870
-4.25799674
0.45596921
-0.72213692
-3.72457857
6.40055323
0.50218490
1.41185489
-2.19434884
-1.61165492
7.21801766
5.11572454
5.46074161
3.57286999
5.17537346
3.55895252
2.94528484
4.55819385
0.33783283
4.11578583
6.24128083
5.07868651
8.47755065
3.44556591
-2.52168911
-1.72256886
2.99088063
5.53095233
0.36871150
-3.67073268
7.18579307
2.05123672
6.15399773
8.14308601
6.92132480
4.04742561
9.00327479
2.50714228
-1.22888122
2.52452492
8.90392526
0.38873241
5.40899407
-2.26462414
9.45713457
4.77206228
0.99057421
1.47562070
6.99423105
-0.08781567
-4.11475790
4.87359057
-3.15389431
-6.57790951
-1.69833671
5.38767698
-0.61132837
4.00903920
-4.74307941
2.15392417
-2.23987039
0.98027138
2.16467630
6.08416779
10.78067698
1.45646830
11.48621412
-5.10029378
2.11551496
11.81465115
5.14018270
6.01328570
4.94814549
7.77433405
-4.14002161
8.84540682
11.28245842
0.87560715
1.98808528
