0.00269288
-0.21079418
-0.34172781
-0.04651964
1.25573897
0.27603963
0.97279984
-0.15159564
-0.93458228
0.28629493
0.47844644
0.55080946
0.96456658
0.22276994
2.47468965
0.60835894
-0.76267315
0.08112800
0.72107455
0.38915975
0.48857938
0.27855643
0.53668351
1.98110544
-0.38869243
0.37408168
0.78753916
0.08816985
0.49707910
1.29202119
1.24080551
1.47477946
-0.41305249
1.07172172
2.15301998
0.58219658
-0.35541839
-0.10816738
0.96033790
-0.10426313
-0.42421878
1.22432767
1.59928244
-0.72400411
0.27579969
0.19758897
0.15592806
0.10308569
0.08927359
1.32248830
0.54224482
2.77876397
1.17246348
1.09799646
-0.78565611
1.29285820
0.21398345
-0.34356577
1.06621535
0.41192843
-1.07843941
-0.14330674
1.27615750
0.21623927
0.84363515
0.07424085
0.19540520
0.60866256
-0.51653807
0.63189322
0.68628382
0.17908889
0.17550657
1.24706840
-0.58187259
0.54970372
0.64818608
0.86699817
1.18610192
0.84299177
0.74220324
-0.26752433
0.41162692
-0.23573166
-0.02249699
0.97987719
1.37477754
1.48809504
0.43541714
0.42548881
1.03866841
0.05763430
0.47998848
0.06322245
0.61169105
0.04364312
0.43712490
1.05448308
1.42355568
0.39286388
0.43543887
-0.17699563
0.71445713
0.28225598
1.17997185
-0.38133099
0.65156688
0.80851843
0.41869210
0.17614027
2.11869654
1.51036755
-0.16488658
-0.54129791
0.67569049
1.24919267
2.43045153
0.44432603
0.59751911
-0.60588204
-0.61223908
0.82862696
1.37014366
0.70148348
1.11800306
0.03461671
0.83370336
1.00167420
0.31641475
0.88818996
0.11556339
1.13634882
-0.54153787
0.67877765
1.66602362
0.25054448
-1.21316975
0.55255463
1.84052780
-0.83705697
0.23099833
0.44855533
0.00873195
1.14788589
-0.97794733
-0.64664815
-0.40922090
2.48695841
-0.50969170
1.69556802
0.65793505
0.11133559
-0.26086495
-0.14335446
0.45291434
0.90723184
0.59161503
-0.46470924
0.88720238
-1.28209683
1.07887085
1.06160171
0.73135476
0.91713250
0.38768852
0.92068108
0.80639738
-0.11769353
0.22044368
0.44608989
0.95471016
1.45369921
1.44487633
0.47049195
1.25095735
0.40413528
-0.88253742
1.36544552
1.06397080
1.52432053
-0.44727032
-0.42265628
1.50384670
1.40683712
0.07401934
-1.22468024
1.04167893
-0.53778708
0.48232051
0.38768852
0.39724358
0.33587800
0.94233033
-0.83618304
-0.21316556
0.50274521
1.17573050
1.70982935
0.17060650
0.92792080
-0.07086997
-0.31401106
-0.54014841
0.55056723
-0.31843855
1.83869865
1.69646417
-0.45454854
0.51344021
-0.22445909
1.89800809
0.82813062
0.23022505
-0.21089362
-0.02105465
0.74567645
0.10395740
1.19503592
-0.33893437
0.99868834
0.02634596
0.05663617
0.20792930
0.86980646
1.02004585
-0.26570518
1.50235720
1.86014949
-0.16104426
0.94392684
-0.11138299
0.37715098
0.93050394
-0.31411322
1.59100042
1.01715451
0.80031186
1.88834204
1.01109530
0.90976676
0.94855258
0.90997369
1.53286874
1.08121247
0.36562594
-0.54948307
0.68638712
-0.31220247
0.94074514
0.20993274
0.79804884
0.50764786
0.22599215
-0.90127932
0.41290179
1.57249644
-1.18314608
-0.08220553
1.08603134
1.24882733
0.67679740
-1.46801068
1.32777587
0.62799059
1.00167874
-0.74333404
-0.11605833
-0.09532652
-0.85036932
-1.04553067
-0.39519698
1.14852029
0.10224274
-0.60511371
0.62288127
-1.85557603
1.34178585
-0.60257828
0.44034742
1.41757323
0.24667112
1.03602738
-0.94779802
-0.45177266
-0.19775871
1.52433176
1.25372373
1.05080759
2.06591133
-0.17976656
-0.38858209
-0.61259694
-0.17978519
-0.26066990
-0.73586806
0.73191406
0.27864230
0.23515839
-0.24325081
-0.11533295
0.90962554
0.86637487
1.31475342
1.03747494
0.55944489
0.78571263
0.34943141
0.59895534
-0.00596354
1.10667086
1.20785765
0.75491434
1.42533624
0.24202541
-0.55417246
-0.18747380
0.93070596
0.39828213
-0.27262156
-0.47477338
0.19287203
0.01107179
1.03344444
1.71755680
0.72935003
0.28604708
1.71431035
0.53518871
-0.29739922
0.54188178
1.45343737
0.07320832
1.17427349
-0.38120535
0.98484860
0.89130802
0.24197452
-0.13693937
1.22184790
0.36802982
-0.19227886
1.07968229
0.12503997
-0.94017947
-0.57561953
0.90428836
0.69858699
0.70519939
-0.60519573
0.27279664
-0.81094443
0.24762606
0.18196109
0.80488459
1.29947370
0.32194479
2.33391743
-1.01574785
0.47027754
1.25531552
0.90634444
0.94692581
0.62724070
1.30287817
-0.91614345
2.38510349
1.81796616
0.31455608
0.34922074
