-0.78309430
0.00932568
-2.35319885
0.68426928
3.84371590
0.20948823
3.45811963
0.69595649
-2.63605665
1.96234637
0.30399173
1.50980491
1.15618484
0.49409103
7.06545166
2.14324204
-1.55406042
1.81717658
1.88795845
0.84098982
1.75714943
0.64630436
0.58636562
6.60839756
-0.60788243
1.95193351
3.54363158
-0.37866980
1.45843204
5.09097207
2.71639509
5.48229435
-0.62988078
2.17564502
4.17282079
4.25942196
-1.01477255
-0.82124947
2.63906968
-0.34699179
-1.43114699
5.06830114
4.27355257
-2.05709529
-1.77147263
1.47592695
1.13670801
0.63826096
-0.14158731
4.05718198
0.59038681
7.02274860
3.63572817
3.71562190
-1.49126157
3.03089314
0.47606189
-1.66796210
2.37887919
0.81260254
-2.80889104
0.46167472
4.53653242
0.16072472
2.26075589
0.18586507
0.52319038
2.31315615
-1.95711589
2.54965131
2.09022571
1.08791870
0.50676670
5.12714283
-0.28427419
1.40281672
0.56357093
2.47872989
2.39794944
2.10587745
2.38429739
0.09825188
-0.75772680
-0.48832175
0.29114375
3.34088374
3.92138311
4.49764359
1.66616995
1.61027543
2.85571877
1.46694337
1.69532529
0.91188600
1.11025903
0.72595452
-0.00613696
3.02163047
4.20033060
1.85163386
1.90929938
-1.20090383
2.07436299
1.75861911
3.55422192
-1.05257134
2.81292678
1.68472281
0.91416616
0.59829865
4.41633007
3.47195036
-0.94202670
-1.54116798
1.99188483
1.92077733
6.08768172
0.79415861
3.23641405
-1.01157598
-1.39885329
4.16516690
3.92216883
1.50374857
2.29232471
-0.40828073
4.36800504
2.57163952
0.46294390
3.65817879
0.08950579
5.60694465
-2.56938331
0.85057742
4.75602897
2.48008281
-1.64695840
3.35869198
4.97067496
-1.94533328
1.21059208
1.81984900
1.20537756
2.60061606
-1.72805549
1.06033064
-1.06841967
5.94666542
-0.55997416
5.54072413
1.37816906
0.72203609
-2.63159996
-0.37137280
1.17554314
2.92433092
0.84130452
-1.35358996
4.89710295
-2.42271755
3.29846032
2.69552915
3.04969382
2.35897518
1.24305976
2.78021080
2.61239534
-0.20210933
-0.31557844
0.61516969
3.14008779
3.73303875
2.91693976
1.60782923
3.56652863
2.36903516
-1.99581688
3.16812078
2.77091070
3.49909806
-0.90359309
-2.08434887
3.93345057
3.78375028
-0.35722031
-3.92334311
1.70500101
-1.42885081
1.84783849
1.24305976
0.28143767
-0.29129079
3.71982528
-3.17164084
-1.15582067
2.15420503
3.17906991
5.41976857
3.76431442
2.17910064
-0.17355917
-0.82706485
-1.98247205
1.17497973
-0.69312739
6.50047076
4.07971802
-1.98497476
1.36957591
-0.23903764
5.83932140
0.54393253
0.62916220
-0.56734888
0.78115746
3.55899964
0.98691792
4.57604030
-0.57609816
3.99872435
0.44002008
0.64357290
0.49240211
1.95353860
1.95696108
-1.01479577
3.91281435
6.14665221
-0.95062789
1.78876755
0.30940215
0.80639123
3.59190669
-1.28478176
3.54514457
3.71936712
0.94546841
4.43865629
3.53269431
2.03135152
1.74181618
2.18542365
5.39110019
4.15977933
3.12937795
-0.52481998
2.43652867
-1.84374484
2.63451360
0.68664575
1.88923227
1.90324623
-0.11706118
-2.87140128
0.99950882
2.45056752
-3.58552615
0.98218063
2.30230971
3.39385095
1.92747682
-3.81573582
5.10959545
1.75543100
2.79098359
-2.17444039
-0.14396387
-1.10405266
-2.96130311
-2.54274319
-1.83358897
4.27516714
0.53151067
-2.38607790
3.06834470
-3.93675375
3.35056332
-0.85662730
1.47206378
4.56172364
0.08638030
3.09626810
0.85219098
-1.08570687
-0.40972225
5.44806009
3.80987136
2.56331641
4.18542801
0.20030989
-2.30897545
-2.16788891
0.01685385
-0.46175660
-1.96856934
3.19796658
0.33769422
0.79095475
-1.14578597
-0.98487936
3.65398206
2.67777778
2.94744587
2.11981579
2.58964155
1.90758387
1.50653013
2.24676929
0.19358341
2.10596547
3.24632898
2.62896094
4.40034985
1.55816872
-1.50579921
-1.10195309
1.63106398
2.70380139
-0.01947249
-1.95559459
3.44787284
0.95131416
3.11992548
4.28733054
3.41566004
1.96016981
4.68931027
1.31773453
-0.90736126
1.37171910
4.63689529
0.05124974
2.79768287
-0.89823587
4.67136855
2.53410669
0.49525563
0.69900940
3.69293590
-0.08968262
-2.03465986
2.54192106
-1.15262994
-3.43768744
-0.90026850
2.78426137
-0.07527969
2.01704351
-2.05410019
1.02759998
-1.38332850
0.52287073
1.01668496
3.04891992
4.03539442
0.71768557
6.23715077
-2.78915673
1.09103936
5.70058401
2.69488332
3.09166894
2.41173408
3.95437749
-2.31990641
4.95362262
5.77730249
0.43385446
1.07425510
