-0.57638915
0.33038076
0.63926667
1.56750772
0.92619539
-1.07585490
1.64992956
1.14814750
1.20601279
-0.64141063
-0.78554916
-0.32274310
0.81145512
1.33913091
1.00283580
-0.04246852
-0.39811550
-0.64054029
0.62286795
0.00241511
0.24636157
2.04425301
0.18073425
-0.56060219
1.05769952
0.74322054
-1.57512903
-0.59953417
-0.84990183
1.33939032
0.01794611
-0.00285612
0.95449190
0.60272429
-0.86234728
0.81621402
0.70986256
0.90297184
-1.32252258
1.31727805
-0.43708246
-0.64975847
-0.65523042
0.97071310
0.78271823
-1.65383313
-1.52535096
-0.44001893
-0.57384546
-0.40186754
2.14741132
0.52601705
-0.22866535
1.36332877
-0.53441278
0.30848724
0.65784447
1.42198917
-0.57081746
1.34829409
1.02036052
0.17908797
1.58020116
0.20511508
-0.11808579
0.45121850
0.76565734
0.46236646
0.31977686
-0.98753908
1.16138710
-0.29201134
-0.66733096
1.51640495
-1.04042724
-0.54435855
-0.01703025
0.65175685
-1.28182764
0.93578680
0.45555547
-0.18590627
-0.32222792
1.05566872
1.19125990
0.59410816
0.85453704
-0.54308220
0.43578691
1.15942807
1.61673515
-0.66430495
0.82293370
1.65310561
0.97902164
0.49107970
0.16423405
1.47773542
-0.11004066
1.39678247
1.63613685
1.50290614
0.52102869
0.03998667
-0.16316207
0.20691920
-0.46758294
1.59894981
-0.06296365
2.33217409
-0.67248309
-0.11160320
1.85089600
-0.25245894
-0.46760272
0.20607655
0.00545207
-0.52286774
0.45464611
1.66627101
-0.01051132
0.50301937
0.39817660
0.25593235
1.28106008
-0.92190969
-1.85032876
-1.15771007
0.28004862
0.33961933
1.90830445
1.48973937
0.19231138
-0.91969889
-0.31971806
1.66334621
1.65883890
0.47385836
0.14047936
1.46882445
0.75038064
-0.52448598
0.86937757
-1.20053604
1.12502529
-0.72501033
0.33984666
0.16763168
-0.49156910
0.84348829
0.65348896
0.65246519
-0.42391254
-0.59600678
0.33002156
0.96356021
1.38055331
1.50853561
-0.40936789
-1.44625916
0.07440051
1.13418545
-0.92254000
0.41089419
0.05435673
0.68662417
1.05376045
1.77356919
2.18651325
0.13837957
0.32468326
0.75488036
-0.01884545
-0.31432420
-0.46080540
0.78122248
1.10987764
-0.60802845
0.57847449
-0.64146345
0.76592795
-0.49166492
1.84741080
1.53090715
2.10460303
1.81412392
0.64822214
2.40494280
2.00426396
-0.42433719
1.29350086
0.26873915
-0.79352347
-1.09401601
1.44088059
-0.81881267
-1.02028570
1.16160241
0.85104740
-0.34785840
0.19336026
1.83867617
0.45557443
0.02763214
0.40796276
0.62226100
0.44355202
-0.50176499
1.05556338
0.21750300
-0.49102460
0.46249100
0.17948444
-0.59009015
0.08667371
0.46471514
0.86072577
-1.16254309
-0.33060483
1.92429829
0.85512054
0.47089142
-0.13498864
0.48875538
-0.46266190
-0.06105718
-0.42935410
-0.51838742
0.72041910
0.65424469
-0.23832656
1.41448319
0.60677991
0.21520803
1.59979184
0.52331644
-0.17383873
-0.11248731
-0.85027153
-0.34857085
1.57332432
1.41123894
-0.52001615
-0.21178499
-0.93273618
0.66235785
1.30811093
-0.06360964
2.20139092
3.30597612
-0.58591689
0.10787871
0.50576645
-0.16553488
-0.44147181
0.79243737
-0.09019379
1.18261271
0.46890522
0.70352000
-0.70702685
1.79020927
0.96669239
0.06589780
1.12832374
-0.90929590
0.96425364
1.56322515
-0.22539239
0.31818513
0.58309764
0.12896791
0.46373917
-0.08032388
0.65807490
0.51071690
0.11846413
-1.38990280
-0.03342155
1.63708644
-1.21925496
-0.37845052
1.94329764
0.50341358
0.55817032
-0.55084621
1.16187543
0.61006831
0.79666114
0.47687532
1.23926588
0.69873606
1.14710872
0.30844807
-1.08514398
-0.06568711
0.39988665
-0.46874713
0.66676874
0.32174394
-0.45589081
0.37792695
-0.47381520
1.33579475
0.05932084
1.19601532
0.17371583
0.03577930
0.09736739
0.82944201
1.98561486
0.35760810
1.80830201
0.77182535
0.19755521
0.39722248
1.08818640
-0.42297718
-1.34466736
0.77256225
-0.72225556
0.21874754
0.59075115
1.26690103
1.32551284
1.92739860
0.34946993
1.14516035
-0.44783127
-0.61271182
0.79658450
0.28411467
0.40724644
-0.31391643
1.11717040
0.86869685
-0.70112323
-0.86460762
1.39949433
1.60882196
-0.00432449
-0.49183107
0.70628669
0.81673885
1.19968237
0.40069629
-0.71093134
1.34896215
0.05620762
-0.07331784
0.85241781
0.84385750
0.47979011
-0.13424638
-0.83568774
1.33492652
1.29899935
-0.55067564
0.42835938
-0.03463379
1.14788511
0.18899078
0.95329642
-0.08266383
0.72771209
1.33025842
1.18090579
1.10747060
