-2.21040898
1.05167172
-1.09737246
1.37207576
4.93588044
-2.00763088
-0.38966032
0.73967524
1.86015827
0.56953659
-1.93578620
-4.09708929
1.50751763
1.80560566
2.09173920
2.66141386
-0.06116096
-1.70928347
1.92989686
-3.49125750
2.53113656
0.33806813
4.43460571
-0.32375808
1.44519148
4.79381444
2.11586128
-1.29350252
-1.40641056
2.49863098
-0.14320419
2.27760123
1.27463216
1.73257548
3.96901329
3.60234544
0.49966463
-3.27365004
1.29895268
-0.52810192
-0.82282182
3.36733380
3.93211480
-0.07931788
2.94796659
1.26249540
0.76502371
1.04754599
1.03126198
-1.13211029
-3.85281523
0.78497630
6.23045610
2.61783402
-0.03637049
1.86363485
0.62094645
-1.41662182
-0.08371213
-0.10876009
0.81685974
-2.73544322
-0.93301570
-2.39266969
-1.89339337
3.30850702
-1.98456055
1.80362105
-1.35627728
-0.11453274
2.22160040
2.35590024
-1.41370339
-1.93762672
-1.37930075
0.82631788
1.94266406
-0.74537557
1.69764398
3.48391713
4.68555544
-0.14909413
1.62697975
0.91672203
1.16694071
0.81428617
1.82500771
0.80206750
1.89626970
4.35997074
-0.35178419
0.92654430
2.28663404
3.07958908
2.96910297
4.60243144
2.95033063
-1.19975896
-0.67931345
2.16047555
4.74746525
1.90186127
-1.08282198
1.40021969
-3.52016626
4.02472089
0.33333412
3.32633104
-1.27665511
4.00122508
0.72397940
2.76519220
-0.82607260
3.72553866
6.54347984
-0.32880355
1.98370073
1.71186906
-0.40054468
3.90670665
0.02208212
4.66841910
5.54364793
-0.43258817
2.80097345
1.68499092
-3.22707031
4.39548257
1.90413393
-3.97126913
-0.82282182
1.76619784
4.46770506
1.77112256
1.50409269
5.82368870
5.34992637
-1.34536203
-0.09523296
2.50092272
0.90105223
4.92466440
4.54510561
1.98118059
3.57216479
1.55989165
3.12413610
4.80530747
-1.49385639
-1.19414989
-3.04264421
1.23372445
4.83797469
2.64747709
0.55883885
3.96418281
4.45906810
4.20789305
3.22356373
0.84748762
3.38494166
4.29989995
1.21702481
1.77671943
-3.16504560
-1.79454714
1.44057541
3.08760712
1.60014787
1.64087658
3.24999815
1.78621483
0.23351275
4.43697651
-1.19089520
1.64505213
1.62844523
-3.87220975
2.28982690
2.71280875
2.36164708
-1.18433046
3.40516008
0.24845597
2.30804624
0.36266137
-2.80261070
-1.93150697
-0.18366374
1.98128089
4.45362009
1.65585176
-0.94807032
-3.17869033
6.39083649
-2.86594959
0.47676090
3.70228565
-1.14498374
0.27776251
1.56416071
-1.44648903
0.04832472
-1.68234216
3.24328018
1.18462096
0.87126749
1.50530505
0.14620986
1.87580529
5.83391960
3.79315752
2.62878057
-2.04918891
-2.46361679
1.10049986
2.49885505
-2.49410878
4.05178029
-1.85774404
3.35436374
1.31924865
2.01705445
-1.05770371
2.77837794
-2.14702409
0.89190521
2.48147306
4.56386091
0.28572095
0.83083846
1.32468995
-0.12824629
1.75680442
-0.79880274
-1.39294275
-2.69933829
3.54715328
0.87407700
4.08430452
-0.39418149
-0.44912645
-1.94043406
0.28664567
0.58800804
1.91803773
0.81928553
2.06277615
0.89564771
0.42658436
1.64336510
3.45007000
2.28301747
-0.21879859
-2.27442795
1.53783812
4.63696583
-0.49945080
-2.11621045
-0.76414019
0.56599226
4.38438721
4.36132484
-1.06176077
1.05853353
0.58380882
5.89506017
6.79662802
-2.30491444
3.86916841
2.64852355
4.73241758
3.34452272
0.73107893
0.45997762
1.04333251
-3.15661167
4.06283170
-1.20632197
1.50521545
4.36180151
2.67998626
-3.33021950
-3.10024331
0.62083009
1.06321800
1.02631442
3.95769522
1.07446590
0.04515575
-0.08316801
-4.01326368
2.29178435
0.28614518
-0.55290079
3.87935065
-0.01982283
0.63968240
2.08646655
1.89959784
3.83840311
0.71549434
-2.86063694
4.24288881
1.82426490
-2.04460534
-0.12597726
-1.48526112
6.99949253
-0.77693328
3.46010542
-1.37930075
2.36674527
2.06373372
0.29363692
-1.85454194
-2.39472789
2.50107068
3.95553832
-0.28956038
5.41791960
4.14282499
3.79458866
-2.83018069
-0.32959082
0.29698842
-1.08375354
3.24772805
-1.22724496
2.41246071
2.74347274
-0.08356548
-0.50064227
4.39068613
0.30733781
1.56034920
-2.92623533
10.43613403
-1.82748366
2.65753098
-0.28433796
0.58500920
3.89587718
1.48911192
-0.36805700
-0.35516151
4.22364850
-2.05121380
2.15564616
3.15979126
-3.35344202
2.41180886
-0.39353973
-0.05458407
-3.19225571
0.48384959
2.61412636
-1.22041801
-2.22272338
-0.22100421
-0.67532812
-2.18654266
2.90969727
0.65117987
4.49358230
0.13610733
0.51689297
-0.14370844
