-0.31701583
-0.11834495
-0.90684179
0.18083382
1.86230510
0.22632769
1.60207014
0.16197598
-1.46991387
0.89565508
0.38522510
0.74613390
0.92677905
0.22196699
3.50825851
1.08318699
-1.02707043
0.44047930
0.88856767
0.42372819
0.77246743
0.29916442
0.42897239
3.21890619
-0.49600457
0.81877588
1.38098452
-0.08648960
0.70168274
2.28333392
1.46144968
2.54078020
-0.59078756
1.29190946
2.59132279
1.54464997
-0.59348216
-0.46803539
1.36297699
-0.19870840
-0.76270068
2.19688048
2.31720406
-1.26519228
-0.36603701
0.48527251
0.34072506
0.17634928
0.00660951
2.11778192
0.63786693
3.93180189
1.68192821
1.82511480
-1.00828993
1.80942561
0.24330769
-0.74524320
1.33825549
0.42697484
-1.45663669
0.06348608
2.22584333
0.14688308
1.12060599
-0.01538770
0.25660383
1.13749667
-0.98391373
1.17207285
1.03877924
0.48487158
0.23844282
2.31683334
-0.46819601
0.61044484
0.79488104
1.26871361
1.35946939
1.10211787
1.16683000
-0.14264160
-0.04348736
-0.38973295
-0.00951133
1.49137385
1.97077528
2.30393314
0.76237613
0.58728158
1.43016433
0.50602443
0.79213283
0.23212860
0.60638962
0.20876471
0.23350320
1.60933900
2.25042679
0.74007454
0.82376519
-0.45437895
1.14203151
0.70765225
1.66322861
-0.75967198
1.25122955
0.93478233
0.43850886
0.33111636
2.66611177
2.05513942
-0.47330839
-0.74779593
0.95757465
1.33780515
3.41139817
0.48794309
1.31125387
-0.75933158
-0.81907853
1.64145065
1.89162748
0.86316368
1.26655334
-0.07562822
1.79615758
1.35455348
0.27329915
1.55556691
0.09948957
2.30685844
-1.23648779
0.68075953
2.59011419
0.89202393
-1.19932412
1.01944556
2.67409101
-1.27023250
0.45740457
0.94819169
0.26210945
1.48415834
-1.09689821
-0.29816419
-0.66025278
3.46688395
-0.45775874
2.73615115
0.84560973
0.23207946
-0.84978991
-0.14097919
0.41480079
1.40840330
0.68888588
-0.75140776
1.92349405
-1.69698035
1.45073214
1.34796637
1.34962869
1.33683503
0.57523078
1.38028745
1.37861824
-0.26234583
-0.01975622
0.42032804
1.42970677
2.02429807
1.66184392
0.76378334
1.97512153
0.94955916
-1.16059255
1.83166623
1.43707694
1.92109618
-0.57632573
-0.97073764
2.25206715
2.07539160
-0.11104768
-1.95722185
1.12846539
-0.76009509
0.85197751
0.57523078
0.31134811
0.10704659
1.74737134
-1.56305025
-0.54413324
0.94049818
1.65009799
2.70835407
1.23566322
1.16275707
-0.09153728
-0.64176802
-0.89725377
0.83101379
-0.46540215
3.05858179
2.26112407
-0.98914168
0.81271779
-0.25295340
2.95261451
0.59612995
0.33539280
-0.40212483
0.16597769
1.39103316
0.22648220
2.02102407
-0.54248504
1.73595123
0.14483524
0.20281012
0.20516926
1.12347650
1.28819246
-0.50666156
2.05473809
2.91823491
-0.42126980
1.14144897
0.05106506
0.45391946
1.52413163
-0.72080868
1.91203943
1.67787822
0.87318194
2.52448491
1.69137556
1.14200953
0.94976217
1.04931753
2.43885237
1.84738595
1.11178753
-0.59032924
1.17051486
-0.71467023
1.38105029
0.23216387
1.07483702
0.92799108
0.04909839
-1.43882888
0.57268383
1.75827124
-1.91702617
0.29130276
1.28202987
1.74229465
0.93091791
-2.06148616
2.36545332
0.88507024
1.40542215
-1.22662586
-0.04960270
-0.36875962
-1.44931305
-1.55674256
-0.76051538
2.03561839
0.30148475
-1.10679221
1.22230933
-2.30077560
1.69436701
-0.67540046
0.63906637
2.34409406
0.10708588
1.52073989
-0.16629698
-0.70642861
-0.31580410
2.64285301
2.01152009
1.35251326
2.52741603
0.12303590
-0.99793310
-1.07881041
-0.02616163
-0.44357597
-1.06753227
1.41436674
0.26648191
0.31356042
-0.52390738
-0.50440758
1.65798498
1.29106188
1.61203146
1.25062882
1.21090254
1.08700259
0.58570301
1.03123968
-0.03406405
1.17975336
1.71248291
1.23631555
2.28415230
0.43722703
-0.76845300
-0.43744093
0.94512815
1.17858979
-0.16555847
-0.90999311
1.14498923
0.19893639
1.52614442
2.30072716
1.38307776
0.78377597
2.51173550
0.68428519
-0.63352618
0.74493428
2.38545554
0.06151642
1.40059239
-0.48246531
2.06582962
1.29384490
0.22746208
0.16522895
1.95920118
0.17830443
-0.76983114
1.41625706
-0.03089435
-1.72104926
-0.62669053
1.43521771
0.41102700
0.95109392
-1.00605183
0.44504120
-0.96131146
0.25432802
0.53602549
1.44190298
1.68181960
0.33819692
3.30783340
-1.57974207
0.61407654
2.31245680
1.33661968
1.59666276
1.12786790
2.04515353
-1.36530222
3.06399553
2.89462005
0.17470238
0.48699968
