-1.28199209
2.81692611
4.76165849
3.98812449
7.33183229
3.43371975
-1.76975718
6.27204440
-0.53460220
-2.46706748
-1.26332521
1.70471578
-3.47192959
-1.32781889
0.34458970
1.40374307
0.50327327
-3.45611728
2.14364900
4.60005429
0.49797088
-1.87955698
2.19116962
5.36589086
0.43921637
1.20747051
5.26354933
2.17104126
0.91988496
-4.27359900
5.36456912
5.17142284
6.77367040
1.41547496
1.77680750
2.98812252
-1.98086541
1.36463434
4.16784514
-1.66363317
3.69897484
-3.16771578
2.46959312
-2.13317382
0.92047711
3.84588255
-0.98745748
4.38392560
1.39761815
3.07925618
2.53164735
-0.45182606
-0.74934228
-2.76728114
4.23571876
-2.54621770
-0.29883607
6.34501815
0.63652475
-0.26058531
5.35408014
0.17492643
1.09536744
1.20201290
0.84562214
2.61075637
6.30131596
-0.61666756
-1.54731827
4.16579628
0.88963510
-0.87160294
-2.57738191
-0.19202398
-0.58287291
7.44265733
6.04598435
-3.26406221
5.09520031
0.79375885
-1.63923085
1.48547334
-0.19981649
3.72704844
-1.39895104
6.37964550
-0.38015915
3.16145601
-0.83097022
2.61936120
-0.55495364
-2.10022257
-0.48075463
1.85674412
0.25397579
3.73788531
-4.55661423
-3.19524134
-5.01026724
-0.40847423
7.35274464
-1.84058536
3.99135809
4.63505200
3.95628335
5.28727939
4.92443747
6.29651300
4.60226163
1.30544633
5.81281976
0.80432515
-1.61823147
-1.60493948
2.02854478
5.41442001
-2.11009137
4.96491037
3.69925880
0.22635382
-2.13810969
-2.65107356
2.72223317
-3.24308295
-0.05274564
3.71557900
-3.28291827
3.11066868
3.87513785
3.43251400
7.00330546
5.56892334
1.50469952
2.68965008
3.44983615
0.63044307
-1.58179931
-1.90607855
4.56218302
6.15221915
0.48309725
4.88405567
3.01397613
-3.50048164
0.53257027
5.77546377
3.34033114
0.58432445
-2.10422596
-4.87336963
0.20483890
4.51930894
-0.52057265
0.26271058
-1.23487737
4.08062094
0.23694248
-0.86600525
5.04608691
3.70743308
0.90164149
-3.72970798
5.44388032
2.45934674
2.75392264
-1.31528599
2.57067528
4.77944411
1.36652292
-0.22866115
0.76456022
1.31403726
2.30689673
2.02462438
2.13202344
-1.57858890
-4.40992795
0.66978223
1.91608465
-0.54196480
2.16271597
6.33395233
-0.29633479
2.12875314
2.39824126
4.77051925
2.80973041
3.19657049
3.66560159
2.05301969
1.84767759
1.97737317
1.20612314
0.28082752
-0.39607623
2.02891555
1.47377045
3.22663545
-1.29299256
-4.10878613
1.48616463
-0.53325685
0.60839461
1.30152225
2.89037581
5.17263189
2.05726194
2.43997371
3.59568931
-0.70703535
0.20255169
-3.84295984
2.23788087
1.21160789
1.71198455
-0.67156677
-4.86280892
1.39351079
-2.28281637
-0.14642853
0.44898212
5.12222272
1.50618374
4.45196341
1.65701891
0.52986381
1.43651435
-0.48735997
-1.74277034
2.25261263
-0.72337438
-1.33986840
-0.69404616
1.94671451
0.85254619
0.29098920
4.36305202
0.20688643
3.79474579
3.02537418
-3.22965587
3.65629302
0.52715556
1.51586090
-0.53515591
2.96003760
-1.61818812
5.74244931
-1.79903837
4.97659310
1.87569680
-0.10828786
0.53509913
2.70206968
5.99689655
2.30345717
1.09288730
-0.62832940
6.20686789
4.46769209
0.28254931
-2.89449595
1.49604200
2.22422034
-1.72069854
-1.45256490
-1.60500317
3.07171312
5.05875851
-3.36685508
-2.40791646
2.71570965
0.23376249
4.50514125
3.73570169
1.84016463
-3.28715249
1.81562239
3.34195565
3.69432454
4.50785359
3.91994148
1.34363542
0.91199994
0.80039984
3.14311476
2.34886796
0.52343040
1.89649111
-2.29711994
0.29014339
-0.18677338
6.10877889
4.30946700
1.75981665
3.49948423
-1.91069479
1.53271544
-3.61754490
4.25237389
-0.26062531
5.82631498
2.31310790
-0.30116394
1.80047470
-1.30752984
-0.85257696
-0.16703256
0.54891208
1.77971283
6.83814898
-0.56044331
2.24619501
2.84352952
0.77672461
4.39331368
3.07029266
5.31603909
2.90016244
4.16505083
3.41173994
3.35808244
7.19925827
3.41066949
2.16932771
1.59814619
-0.33211445
-0.51043367
-2.32887516
3.24546765
-2.05408411
4.20942673
-3.21402813
4.72644502
-3.24858654
-1.35770329
-0.92934143
1.38877997
0.45236675
-3.23498517
-4.48153890
2.82612267
3.23292809
0.10730886
1.20747051
-2.40571869
-2.60453828
-0.52100082
4.44159103
1.78638922
2.75291431
2.52510250
2.09325394
-0.18895568
0.86766179
-4.06462951
0.45421506
0.51304482
1.47244906
-1.85671200
0.64950055
0.10765824
-0.88671195
0.29370468
9.37811303
5.29939834
4.28993709
1.14785033
-4.26592173
