-2.97087678
1.11881342
-1.24636550
1.69556446
6.06664115
-2.29735484
-0.46351768
0.78294182
2.29480055
0.72282339
-2.19491891
-4.92689579
1.87557484
2.43387729
2.59499023
3.28706586
-0.07300435
-2.01596566
2.51679693
-4.34853248
3.32937509
0.48484454
5.63821802
-0.48762635
1.71561064
5.96345951
2.70581825
-1.58241092
-1.76836830
3.14128757
-0.07375345
2.67523223
1.76431687
2.24740146
4.93072582
4.44404148
0.50500242
-4.03139511
1.56200704
-0.72014075
-1.06126848
4.22034863
4.70926557
-0.02885103
3.65290742
1.52128169
0.80816185
1.40723527
1.40247487
-1.61045645
-4.59026970
0.95417873
7.63142039
3.18415072
-0.02564663
2.35044706
0.67916580
-1.74481123
-0.06442210
-0.06573463
0.97994461
-3.37045951
-1.04406638
-3.04488881
-2.24358049
3.61742753
-2.36931657
2.25942699
-1.78514981
-0.07126681
2.50404662
2.78817496
-1.93970467
-2.57933556
-1.61272486
1.08397409
2.36629350
-1.01165236
1.93860296
4.27112269
5.59843365
-0.32078316
1.99719147
0.98269178
1.48272911
0.99784023
2.50855933
0.90054360
2.37699695
5.26215725
-0.49207288
0.86492797
2.80677874
3.68737554
3.62496635
5.76506924
3.69622024
-1.46993662
-0.81357558
2.64805232
5.52381773
2.30547582
-1.25721931
1.68181972
-4.36640656
4.88427612
0.67730419
4.09720892
-1.37305280
4.96945989
0.78570603
3.37607918
-1.14657304
4.51226503
7.97709305
-0.51346253
2.39150249
2.02476521
-0.50052189
4.95058956
0.25425883
5.79614301
6.64495417
-0.51029319
3.40693754
2.07512584
-4.39642772
5.37972937
2.45159930
-4.69365498
-1.06126848
2.11809018
5.44605034
2.13464478
1.83386875
7.15906201
6.43072229
-1.49293204
-0.06472746
3.03482716
1.27671778
6.05619346
5.37122090
2.46087827
4.33286589
1.95301297
3.82432443
5.72686919
-2.07496718
-1.39315567
-3.45278506
1.50933205
5.93809430
3.27384616
0.38107130
5.07961131
5.55300112
5.10166342
3.88220772
1.09890885
4.46118044
5.32190110
1.57759731
2.20552799
-3.83473098
-2.06798792
1.72686524
3.69292352
1.98700938
2.27787917
3.98276451
2.12910746
0.04741969
5.32658956
-1.36980718
1.98680396
1.93389333
-4.69967926
2.86147053
3.27852001
2.90867904
-1.41295262
4.22460991
0.33037450
2.82893145
0.41526494
-3.26570624
-2.16697342
-0.30760802
2.45925351
5.34197965
1.96588636
-1.29140454
-3.77026062
7.40973030
-3.50753471
0.60887263
4.57969674
-1.48604030
0.30932734
1.93517590
-1.93259878
0.17004930
-2.11840375
3.95272667
1.66636485
1.21796309
1.78993795
0.23454448
2.40524497
7.10968963
4.61380916
3.21533941
-2.41309023
-3.13780049
1.42689023
2.98871637
-2.97597075
4.96681720
-2.09812646
4.28823923
1.69787970
2.42323981
-1.25089347
3.49468110
-2.45911255
1.04848210
2.97444320
5.54002804
0.40914334
0.97472694
1.58018899
-0.11340138
2.12164038
-0.92889737
-1.61365508
-3.19428664
4.29414677
1.04807794
5.01657755
-0.54410428
-0.41293945
-2.31547359
0.38916541
0.67388117
2.44503715
0.92756166
2.50264768
1.06894970
0.60659054
1.96535997
4.39955785
2.88955464
-0.35512923
-3.02240169
1.78068825
5.61648253
-0.55808705
-2.61152391
-0.93016805
0.66027682
5.24373287
5.11686078
-1.24261146
1.35589788
0.75941325
6.95294255
8.11520007
-2.95075440
4.54794095
3.26879261
5.93515755
4.05805443
0.96478172
0.59034760
1.35691210
-3.84492645
4.72492989
-1.46088609
1.93343224
5.70503796
3.10932823
-4.32405831
-3.56450596
0.63574914
1.06567545
1.36367933
4.82264793
1.51622504
0.02253384
-0.08570295
-4.71188432
2.60987594
0.43507315
-0.69906348
4.51107932
-0.10880221
0.70500353
2.59406234
2.32895059
4.36909834
0.73632095
-3.31901453
5.16446596
2.17771133
-2.41288313
-0.15201335
-1.92807288
8.68172397
-1.08431350
4.18097285
-1.61272486
3.01515716
2.66055305
0.21594550
-2.20352235
-3.02691129
3.12435109
4.83420766
-0.41877336
6.46427694
5.08700079
4.82334968
-3.71687686
-0.42681931
0.40342718
-1.29854569
3.93063360
-1.81388766
2.99781282
3.35445260
-0.10363555
-0.28996829
5.34357347
0.39193472
1.86942918
-3.50534846
12.75999294
-2.14065073
3.29332160
-0.37030004
0.65455933
4.90666892
1.82722189
-0.44180025
-0.43083886
5.25174759
-2.50404442
2.93894631
3.89022028
-4.21890754
2.81820284
-0.47118826
0.03019108
-3.68960908
0.54685184
3.12270620
-1.53157926
-2.83045511
-0.36091565
-0.88962807
-2.70666908
3.54097221
0.69891037
5.48813947
0.34417346
0.59805685
-0.07402135
