8.39735245
2.09466623
10.53500711
8.52517211
3.70612161
-15.61450299
6.25275837
2.72116977
10.33088230
-1.70688711
-0.95887789
1.08591643
-0.59941092
10.98967348
8.40640739
-1.05780365
-2.09305133
0.76640353
-1.11058982
5.04181545
1.22389860
-2.10791211
-2.69356372
-0.51741286
-1.02885965
-2.07361170
-5.24156135
0.02598517
-1.05344091
12.85411524
7.96616039
-1.76258238
4.01406840
11.28180856
2.30307374
1.14736851
3.79258113
7.66789905
0.01244889
-2.99900964
7.95458401
5.69613880
0.80370097
4.38034253
2.44580208
1.86963719
8.31949387
3.16421887
9.33992859
6.42336409
9.70059527
-2.15600298
5.22595419
5.29315021
1.37875962
0.78180911
-1.73561404
-3.02149399
4.09883583
7.82457902
-5.48744617
9.71111956
4.26127756
-0.64527979
2.14426050
5.80894730
8.49070866
-3.67543594
1.93407008
0.66951206
5.31775870
-0.01758621
10.56816707
7.86128294
5.58693993
-3.11269726
0.07001193
6.18220135
3.86376841
-5.05824125
-3.14450564
5.48782153
-2.31520152
0.13473195
4.92813832
-1.01694189
10.73454564
7.42129803
6.00112371
6.93810315
-5.55518863
6.99517939
5.00242755
-6.15458760
1.83279635
-1.04027522
4.00577845
-1.62285910
-0.55417316
7.23597382
5.13137007
-1.20262926
2.71737554
-3.62944012
1.85864230
5.85047191
5.16516084
3.50584939
5.22598544
6.00680754
5.31843104
6.08518232
-2.74652450
6.72750252
7.42748599
9.67127295
5.84208841
6.90843886
-0.58465043
1.84521471
6.29401553
4.70438950
7.62302384
6.49370342
2.08303156
4.68594539
1.88474656
9.55436689
-0.65499469
-2.03816880
5.19420765
1.99018714
4.37130117
-0.62535962
-1.80602391
2.79197168
8.96667221
-0.63590650
0.20855117
1.25504977
12.94034403
4.93665859
5.37554276
11.32682305
-7.40385354
0.09430284
-3.36000763
0.08200147
4.19211242
1.83321714
1.84029200
0.88398854
-4.58340579
0.64062206
-3.74570012
1.21663120
-1.67632734
-2.13129464
4.66661858
8.49263896
0.61546221
11.97431951
-1.11584873
2.92315220
-2.76950498
3.93941768
2.92164640
0.51160252
-5.58932745
-1.61749145
-1.96067281
5.02908724
-4.49851818
9.87905650
6.90119848
2.89082676
-1.57067221
3.80643044
0.07964362
1.82819875
0.84161086
-1.65564021
5.88168408
2.17344010
7.94905545
9.79960968
4.80498466
3.53188111
9.14776203
3.64377094
-4.14633027
0.50853426
1.54802021
-0.62801504
-0.61373175
-2.14829890
2.84602694
7.01357000
0.09893116
1.84551632
2.26339070
4.80498466
10.88605449
9.05096457
5.74168889
-5.27428814
0.05496538
8.95651925
6.06740243
2.87283979
3.71079838
5.64866767
11.32168253
-4.51861972
0.10382579
5.17245328
3.66845218
7.99554402
-0.95165110
8.87975295
2.14284711
0.43433672
2.91154499
0.06897794
9.75307877
5.29161680
4.14194656
-5.44528707
10.75093213
4.70670438
7.22570458
6.20810906
3.77078727
3.05016536
-1.72842644
6.51829773
3.17291823
2.20688717
2.91471090
6.90192458
4.75011079
-4.70700926
4.11777297
-5.33013174
5.80233856
2.88169869
1.10917318
7.00852942
7.71609061
-3.14898057
4.50326497
5.42358727
3.05151494
-5.27020544
0.70180856
0.21727813
5.94138011
0.06078190
-4.73709385
1.30309315
5.70739681
4.29512627
10.42380020
-6.45353956
2.97298031
4.04320960
6.89001116
4.28303581
5.76588260
9.96723868
0.67596379
8.72070373
1.80338069
5.10782877
1.66760646
-3.59336485
8.99751879
5.62014738
13.17090288
-1.04882145
1.28882964
-3.08032301
3.03594175
8.77277453
-2.22553569
-6.68872924
-2.68321770
6.35897670
12.15321034
3.07948878
1.83836044
7.46445103
5.92868259
-3.68238198
10.77774038
10.82578561
-3.56782033
0.02080199
1.14965314
2.26782770
5.78234206
6.01451331
-7.28523313
-0.53943291
5.05930673
-7.43065737
6.00187770
6.75196554
2.68059799
-2.86770432
6.32891222
-1.55412717
6.59504126
-2.68054701
3.10377507
0.07853182
-0.38103467
-3.64721130
9.64953356
-3.53575879
-5.49930527
3.74051474
4.89961965
3.19500583
9.53632464
0.71244030
10.93143453
2.14331575
4.68412594
-4.16785359
11.15398494
-3.66319357
9.15293912
-5.55308625
11.46234377
-1.66794074
3.36358108
0.52657442
2.82628585
2.66910642
-3.92134121
-0.05528696
5.66541730
6.71848710
5.42287248
7.89830696
7.80281599
9.88925742
0.78575536
-1.01931043
1.81753751
1.16655035
1.94391717
3.94928463
12.48728541
3.79934978
15.05823775
3.19502645
1.80653113
3.94279850
10.77244611
-0.63378777
-3.10128842
-3.10942063
1.84212224
-2.12266135
5.60514444
-4.63190559
