2.11785849
2.65226529
2.00605567
1.43457281
-1.57657929
-1.21322004
1.46521735
-0.87327091
-1.73051229
-0.89017105
3.91088539
-0.60277527
-1.41508912
1.65969136
-0.34788421
3.06787576
-2.48207939
-0.63878426
3.56565190
1.92629238
0.42067476
-0.46822596
0.32186868
2.52120925
1.46043151
-0.63780568
-1.19835750
-1.46095306
-1.57939043
3.53418879
2.76975613
3.48891566
2.57388978
-0.04763668
1.41546182
0.35222800
1.38201824
3.95232965
1.52235310
1.71255009
3.03700126
2.51134993
0.31524159
0.63859256
0.62884669
-1.85296108
-0.66365447
1.09746099
1.80802637
-1.78182378
-0.06697992
1.91748798
3.34292239
0.62123781
2.49215792
0.22106411
-2.02894925
-0.90378290
1.14003621
3.16004986
0.69163572
1.85987110
1.92653611
2.02389378
-0.51219635
1.00719797
0.01352655
4.42939897
1.56726159
1.66053583
2.86336532
-1.28159404
1.07694728
-2.21760085
1.31469595
-1.79927796
0.62185288
-0.84193191
-0.19250358
3.65268832
0.43074956
2.02460249
-0.55794316
0.46584670
-0.46127531
0.97561031
1.24098989
1.45445947
-0.61083740
-1.08645941
-0.61220475
-0.87659760
0.77401698
1.15405063
2.34543704
0.54812984
2.06268514
3.93065142
2.64439449
2.28853656
1.95953355
-0.01124301
1.46239550
1.96819437
-1.00680791
-0.89547495
-0.82005483
0.69204099
1.05332503
0.39232265
3.33914331
-1.72888283
1.79264487
-1.97322527
1.67696335
-0.03533727
2.03754757
1.32100699
0.93779556
0.81072680
-0.63771360
-1.11541231
-1.13166848
0.10493117
3.73084489
1.16552112
2.10242262
0.82675742
-0.45585304
2.33224381
-0.75600367
1.40344717
0.63369050
-0.41106179
0.69667612
0.59450523
1.12897321
-0.06109528
0.26282527
0.14290078
0.76602428
2.92597820
3.82821687
-0.05671853
0.71480879
1.51951436
0.61799968
2.25678752
1.85732548
-0.49224348
-0.90761085
0.49993992
0.07095817
1.61736273
-1.75950076
2.18307841
1.87530246
-1.63114580
2.67142875
0.15461224
-1.39555914
2.04681068
0.48691571
2.63678684
-0.52830392
0.36398566
2.07148784
0.26788215
-0.03755711
0.92206404
-1.21115316
2.87935002
-0.22371546
-0.23731661
0.47371744
0.51304965
3.21575496
2.60024891
2.85113297
0.18733582
0.82964247
3.01962610
-0.40524504
-1.79155487
0.70517352
2.04203030
0.62694282
1.30864658
1.04375070
2.24838269
1.77701500
-1.48595501
-1.48965883
2.32240769
-1.21495108
1.10269180
-1.21858586
1.85131382
-0.76948477
0.94319160
-1.14999209
-0.96181229
-0.53330693
1.18553329
3.21326258
1.00013594
-1.26912139
-2.05655076
1.92823215
-1.70620660
-1.34291285
2.78997266
-0.19755156
2.60694240
2.77792583
1.24041510
2.02430127
-1.54695182
1.70967180
0.51238034
1.82811869
-0.34830523
-0.32477245
2.30874919
-1.27174814
-0.14571735
0.34165591
-1.53084471
0.00581483
-0.45633674
-0.02040394
-1.17053283
0.92259942
0.93544946
2.19294484
1.70958081
-1.45929819
-0.89547495
-1.77646507
-2.06149354
-0.46624598
-2.07548833
2.93010025
2.07226046
0.55104548
3.37695397
0.54613248
1.25630824
-1.02630576
-1.47880035
-0.40453950
1.07185070
0.13828090
0.05800217
-2.34191076
-2.28610843
2.56196752
1.86213677
-1.03318450
-0.14591765
0.90306742
0.63802347
-0.04679410
3.12376670
-1.86589998
2.74041387
-1.76258619
1.15122801
-0.98212763
2.64190315
0.53577506
2.05046453
3.63867541
2.20563904
2.09998351
0.43333076
0.99475237
2.06384277
0.81583299
0.44833852
0.43714255
1.86239713
-0.79813652
2.54634012
3.97289788
1.55174970
0.97156200
-0.44011088
1.13286571
1.59559765
0.21633095
2.36171684
0.52647171
3.43097322
1.89392212
-0.35623619
-0.98987503
5.51861887
2.05286627
1.14003339
2.76598378
2.67745812
1.05053423
-1.73171459
-0.56065328
0.31059588
-0.16917755
4.16232271
0.31120491
-0.34390235
-0.92939193
1.09224605
-0.29071670
-0.66325094
0.55311541
1.27917613
1.62837229
0.40178025
2.24825732
1.87207761
0.66061177
2.39897443
-1.28428804
0.89044671
0.14138780
1.58458808
2.37829257
1.67936619
2.65802543
2.16016262
1.19515829
3.05689318
3.47283848
-0.05409068
0.80869416
2.27125750
-0.90293777
-0.23798172
2.59152535
0.04840483
1.51684500
-1.60265098
4.19181160
1.91640753
2.36174007
2.81093876
0.40431527
-1.09479153
-0.23287551
-0.52092452
0.56890485
0.59658975
1.57188331
2.88841144
2.16070325
0.43333076
0.73048303
2.54776741
0.52095902
1.27452704
1.66320546
-0.84148477
2.07618678
0.70662339
2.04548009
0.37796797
0.10305346
-0.52172052
-1.80389778
