1.44379262
1.70698630
1.26520901
0.69445262
-0.74949659
-0.64297850
0.69933599
-0.28469088
-0.89730609
-0.09118418
1.94515358
-0.44533111
-0.75139783
1.21885167
-0.60879674
1.98449542
-1.28175124
-0.24813888
1.80843998
1.15407328
0.09584240
-0.05191337
0.20923021
1.15013677
0.57458070
0.08845529
-0.60748923
-1.01405515
-0.81166611
1.92330099
1.35500820
1.88503697
1.44631370
0.07772264
0.85858785
0.61852198
0.99546474
2.21334008
1.15181678
0.72483308
1.79862692
1.61666069
0.24366963
0.25395471
0.41014240
-0.99386761
-0.50200527
0.51296186
1.00836409
-0.85184225
-0.19086447
1.81506523
2.32409657
0.40776615
1.25750847
0.32216782
-0.73447863
-0.49567017
0.69813285
1.80609193
0.14570286
0.83942270
1.02371230
0.75932280
-0.14780625
0.26121079
0.00052058
2.32449327
0.39150752
1.11660248
1.77438568
-0.83186124
0.68827168
-1.22538108
0.69126665
-0.80457334
0.45846411
-0.26204475
0.33559281
1.98973635
0.03914146
1.18473188
-0.18149824
0.18746677
-0.26575992
0.84555100
1.17628299
1.01584585
-0.38984514
-0.78677789
-0.35862643
-0.32143115
0.87219471
1.15935592
0.74110688
0.00797348
1.21608614
2.22645616
1.60221376
0.94379419
1.23558743
-0.16599930
0.93241308
1.11669167
-0.40666658
-0.63408657
-0.61137771
0.53130395
0.79897326
-0.03407698
2.54336487
-0.85174407
1.48448126
-1.18407094
0.80897153
0.56137812
1.41540926
0.95733082
0.34422797
0.09676798
-0.21291079
-0.89228359
-0.72118103
0.20282774
2.31584488
0.71460152
1.44587391
0.36231452
-0.27743883
1.28086197
-0.05415628
0.83528646
0.52890472
0.17135475
0.76166996
0.24384844
0.51036355
-0.27198203
0.11514053
-0.31694853
0.25452750
1.51272330
2.13111416
0.19633617
0.52834182
0.86238880
0.32082923
1.39587386
1.18938866
0.06537970
-0.41061099
0.03481197
0.01123688
0.95773983
-1.25577877
1.19470163
1.12910944
-0.50794298
1.36545521
0.22611812
-0.64823323
1.39846729
0.44369677
1.57933580
-0.27156862
0.38754862
1.22462572
-0.01052703
-0.08357952
0.35930555
-0.47927908
1.47150118
0.04942723
-0.32606685
-0.00778511
0.50528965
2.43821528
1.98247538
1.51400131
0.16343139
1.01045595
1.73713847
-0.02457526
-1.10444685
0.56351627
1.25721105
0.27547035
0.73617453
0.53726762
1.30545327
0.93918134
-1.09560176
-0.43620023
1.73765658
-0.65825959
0.67238298
-0.46288511
0.73288785
-0.28517985
0.68749336
-0.19145929
-0.40850085
0.10449281
0.52169356
1.48897593
0.77704001
-0.83223422
-1.37188811
1.19079190
-0.83682347
-0.36090369
1.29579527
-0.01047598
1.22574344
1.56201471
0.30159890
1.01670517
-0.63318312
1.06909930
0.21820347
1.16337934
-0.05063192
-0.09855067
1.24715827
-0.81249485
0.15316958
-0.19019648
-0.91740724
-0.05157994
0.09704068
0.36859608
-0.17383299
0.66830977
0.80678954
1.31252794
0.81884354
-0.61309786
-0.63408657
-0.84858406
-1.24723859
-0.34695012
-1.01003121
1.84120184
0.76530931
0.08887838
1.60082442
0.20126068
0.73143037
-0.51999619
-0.49150576
-0.08457263
0.45839176
0.07910208
0.01820959
-1.19053129
-1.18765666
1.51011602
1.15211147
-0.26029756
0.03045231
0.19209750
0.02491392
0.25174043
1.94479920
-0.95257106
1.22491143
-1.20142149
0.61816259
-0.53680577
1.58944506
0.24027732
1.18066631
2.45156865
0.93488467
0.87185072
0.21887094
0.68820345
1.05910338
0.72988398
0.19436041
-0.02169923
1.27547671
-0.87915997
1.65256612
2.37353203
0.89736657
-0.01939108
-0.11970331
0.53941366
0.73323964
0.38260427
1.51224403
0.58527599
2.17468418
1.04547818
0.11388178
-0.46509605
2.69731936
1.42151853
0.44979835
1.91248567
1.04162440
0.33836207
-0.91413365
-0.26879830
0.17750616
-0.25718617
2.93221198
-0.04784440
-0.03232822
-0.57404967
0.60351598
-0.14739300
-0.15083769
0.58659152
1.10686090
1.18769110
0.42166555
1.64848825
1.40599046
0.63863503
1.61296249
-0.36610911
0.29761450
-0.05252344
0.81125900
1.32856139
0.57299567
1.15892744
1.03201242
0.81543636
1.47847514
1.63943462
-0.03466713
0.63772148
1.25842467
-0.45055566
-0.08770362
1.85528044
-0.03138725
0.79477358
-0.72348339
2.42934459
1.27737967
1.25803571
1.91639344
0.26964372
0.05454937
0.02064970
-0.62780534
0.30676492
0.07336894
0.93375453
1.63291169
1.28348274
0.21887094
0.37591914
1.26069891
-0.00657903
0.69957732
1.30719952
-0.64940043
1.08822839
0.47455302
1.33272894
0.44526532
0.81222046
-0.43374535
-0.78697263
