9.05759515
-2.47423503
4.75479294
1.86768703
-4.40505403
4.28870001
4.90675256
-1.00574597
5.43419337
1.24809471
8.10296048
3.92349121
4.79934088
10.10891970
2.31386346
-1.95090710
5.30833612
-2.85793210
0.75176115
-0.99242754
6.96611450
5.86432093
5.47512095
-6.53979668
7.97399858
2.89052650
0.30340789
-4.52207944
-0.27471323
4.29197176
0.91057493
-2.41015619
4.94162176
4.07890121
6.06351085
6.48021855
1.18968955
1.85814511
4.91733635
-0.36210153
-0.31638748
-7.73415388
2.54294616
-0.96562067
-0.54308210
1.90797355
3.77501700
0.23599889
3.83544807
2.96726260
0.17745349
7.20687112
6.38829622
0.87033269
6.03694054
9.73468663
-5.02063389
-4.08297096
6.70547578
7.24653839
7.16888106
10.28335187
-4.44052558
6.05994806
-6.76952964
3.04179658
-0.46665341
5.50571807
6.74482629
3.14021377
11.25863659
-0.38373354
7.21327576
-0.23795535
-3.07382444
0.23139532
-2.41745728
3.82771685
-7.28502558
0.18733266
9.52647527
11.91050380
7.82790654
0.25814170
8.37983450
4.12995817
3.17664105
13.14357445
0.78017390
1.27297618
-1.58373524
0.21859328
4.09974849
3.75991139
2.94501396
-2.95191030
1.32072859
8.99515352
0.82747070
-5.18721630
7.33752250
1.95597766
-2.42450713
2.22528504
2.47890137
5.03990571
-1.99201288
6.76279846
2.26821414
-5.32617784
4.70339560
6.69480473
-2.79302460
-0.37134566
8.49061923
0.86601095
3.43983339
4.82042405
7.47946616
9.33193041
0.93693000
6.12553494
4.26120119
1.20081995
-0.38831218
1.18506467
2.90939780
9.76888305
-5.47172707
-0.94353081
-0.89042155
9.91251819
8.50771444
5.11143810
0.19571382
2.83752931
5.57052380
-0.15383065
0.72747688
1.91846392
-0.40912373
12.82613729
2.14764396
12.29709673
1.21163170
11.23439428
2.00186461
8.44084470
1.22529781
1.73928000
7.50917127
0.11636049
3.79472040
-0.36228985
-2.96133945
9.66603548
-2.52618842
0.08741858
4.93475192
0.14623797
-0.87534754
6.50063726
-1.41871962
12.30538201
0.16183784
4.62265188
-1.45631251
1.87883603
-7.80116044
-0.99930598
10.25325882
-2.85598447
2.28892848
6.12073234
-0.37123816
4.07787006
4.34352297
5.14916085
4.76890285
-1.43312882
4.89714231
0.89567406
1.16963936
5.38314780
0.93355526
-5.06863002
1.24844109
-2.49238411
2.86769774
5.82688490
-3.90952429
-0.85425290
4.95453107
6.23823455
-2.09565660
7.07112399
9.09256676
4.11238204
7.34157649
2.22568002
1.90677674
1.22449978
10.39505340
10.06777081
6.12887616
8.73856691
3.53799183
-0.42968538
2.78306963
0.20677374
-3.98888230
6.42519581
0.26170448
5.22520666
0.12835047
4.45661321
10.06726152
10.81465011
-0.32137261
2.22262152
2.27055143
5.78194954
0.84722954
6.23712040
-4.11636591
1.31793758
-7.05127227
-6.10858842
4.72034867
-3.97375517
-5.91886973
10.33759492
3.81143028
2.81593218
-1.41716264
-3.88021439
-0.24618063
6.65274320
4.95906727
0.82822956
-0.32194488
1.95491474
4.91133656
4.97638769
1.04749340
0.86545692
8.09246466
-3.37823617
-0.18259934
1.81021413
3.66761613
-6.79968868
5.17821058
-1.29259930
3.29239243
3.12583376
-7.23940590
-2.76196152
10.26095895
-2.08764439
3.82295864
1.15919095
6.98235300
4.89287215
2.29306661
3.93924513
-0.36336505
1.94535307
5.00031822
3.89647953
7.32581890
8.12762915
-2.94259524
7.98967622
-3.01849066
-3.98606825
-1.43946907
8.90742537
0.17329042
-2.05144343
10.14024791
-1.68343524
3.06496957
0.81832981
2.22658250
0.81979851
5.83189473
6.18809237
4.09230281
1.90939769
10.01524685
6.78505115
-4.35123519
11.95381348
8.51489314
6.46222841
5.45671425
3.73467811
-4.60653633
0.50079994
-2.63530385
0.23185340
2.88053700
5.28732403
-5.64442240
-1.99047631
11.11239854
11.95352535
3.73276310
3.00235302
-3.99237510
0.23544636
-4.36091620
-5.70969799
2.15835235
10.60541707
13.04847823
0.14284015
5.22109243
-0.30299737
-2.50735369
2.21475317
-4.40173021
3.64344677
6.92883358
4.88890676
3.81298519
17.87476370
7.55216260
9.74541736
12.44345178
-2.57390820
-1.54334176
1.64547357
-4.97766068
7.37675593
-2.23745968
4.22778597
-0.97871554
10.37137874
1.25523525
-3.33008870
8.39363304
-0.35036111
0.20196649
6.51035300
-3.35302234
1.43798608
11.80114310
1.93699546
1.24024206
0.18213382
-0.99868056
5.52992433
-2.77635181
7.91597175
-5.75315292
9.24503946
-3.02208251
9.14390531
-2.11893893
10.92315459
6.44148125
9.15376125
-0.50182629
1.24461283
-0.30548142
1.36585939
4.51843091
