-0.02796919
1.49373173
1.53413527
-0.18961347
1.39495610
0.97900206
0.28272599
-0.56716677
-0.72137233
1.71315422
-1.10447313
1.44661955
0.87538871
0.39021452
0.98824216
0.33913125
2.09969399
1.66559698
-0.32844348
0.19575925
-0.14756780
-0.14391263
-0.15667211
0.64327265
1.72970520
0.73700274
1.53593302
-0.09074101
-0.27236952
1.42775375
0.16213267
-0.76221604
1.82756235
0.73641526
-0.64471571
0.50818667
0.14128338
0.41937610
-0.28720282
-0.61323981
1.25146073
1.37362824
1.35872731
-0.53908030
1.31064871
0.72066547
0.49717060
-0.21256308
1.87824589
-0.30852649
0.92714557
0.44707836
1.41698665
-0.44927198
1.21220752
2.33776953
-0.91634330
0.81408289
1.35395437
0.65545999
1.75585022
-0.36890098
1.80380772
-0.00231048
1.60027025
0.34387707
0.66532813
-0.49599345
1.16654537
-0.28564370
0.57664971
-0.72801615
0.74522813
1.17563629
-1.53329658
1.15549473
-0.06603635
0.58028992
-0.03906025
-0.55057917
-1.58746565
-0.72140985
1.34978823
1.72426501
1.21306903
2.04658702
0.48230654
1.29739826
-1.21500610
-0.29369688
0.98048259
1.18666217
1.25956080
1.31850421
-0.08037657
0.14738883
0.70303679
-0.67491194
1.04691134
0.92862590
-0.15488534
1.10796442
1.31743318
0.96088454
1.34110083
1.04639159
0.19653696
0.33913119
0.88885613
-0.72760787
0.16665280
0.20501209
0.28671543
-0.32380960
0.61942675
0.50062170
-1.31667819
-1.19559213
0.56709202
1.06398972
1.54147078
1.39740171
0.72135006
-0.56209106
1.08679750
-0.22967644
1.26552135
-0.04570014
1.16493120
0.99116645
0.56155374
0.95978561
0.64829544
1.58887758
1.26076614
2.08788617
0.34699451
1.61060767
-1.17779963
1.84375343
0.72280327
-0.44387951
-1.86975318
-0.57425102
1.68944361
1.53230110
0.39024469
0.25914970
-1.08453101
0.01026321
0.12098591
-0.75409284
0.84476453
-0.38166709
0.07228197
0.74638478
1.34387525
0.25320715
1.20143490
2.47380346
0.19587209
0.92837529
-0.25449725
0.49817747
1.74542613
0.16924221
-0.19613211
0.52424548
2.18893130
1.06994699
-0.66887040
0.05517802
-0.70524128
-1.53758903
1.79183984
-0.13013587
0.56399660
2.12428851
-0.32656979
1.02500246
-0.52877116
-0.73549713
1.35874579
1.24825822
0.11170191
1.22381653
0.82863042
0.33858651
2.56328151
0.79171649
-0.42283185
0.26538846
0.58907524
-1.57020549
0.86932056
1.02325705
-0.88239313
1.48871771
0.28553656
0.63565170
0.21207911
0.52752371
0.47558992
2.29099196
0.49699087
1.07547726
0.14484031
1.33228976
-0.92063018
0.02922090
-0.94414365
-0.16536582
1.04358320
1.62378144
0.91283119
-0.28769293
0.42496475
-0.42691344
0.31829450
1.64596572
0.16570112
1.09518335
-0.20537137
1.28316798
2.10641501
1.77680679
1.09669641
0.23253195
1.29389904
0.62091101
1.13646133
-0.61016232
-0.31186464
2.55440527
0.82576917
-0.02783541
1.56834797
-0.38898020
-0.19187357
-0.62144166
0.05271283
1.45559284
1.48370956
1.39199753
0.61951478
1.20304816
0.26337494
-1.10432736
0.57970055
0.14501551
1.25361915
0.39873132
0.64041411
1.09106919
1.13620174
0.52141210
0.36526792
0.94455950
2.07312790
-1.22599588
0.83351890
-1.50366033
0.05564225
0.05487789
-0.69101034
-0.30171526
-1.59988347
-1.11076137
-0.41045819
0.99494593
-0.32816016
0.20902038
-0.20399954
-0.25454212
0.76552241
0.59657755
2.19296439
-1.02812786
-1.15940585
1.09310969
1.70048595
0.96673704
1.01412405
-0.50870339
1.71742451
-0.11523119
0.32848620
0.78062319
0.32937360
-0.51678005
1.14848883
-1.48201704
0.93463572
0.85229371
2.25225646
-0.00602571
1.58338056
-0.27102778
0.34514426
-0.15415572
1.29691750
0.58554511
0.39062331
-0.90257357
-0.47269017
-0.37159360
0.12849551
0.89774978
0.99838987
-0.49959866
-0.38226847
-0.15086887
0.95043109
0.77657837
0.88980802
0.48334857
0.50477770
0.19793685
1.59390658
1.44619193
-1.07271568
0.27165911
-0.25595839
-1.03231185
-0.32587906
-0.16635519
0.03194172
1.43056026
0.61839783
0.60372645
1.26526143
0.80778833
-1.06087698
0.39641059
-0.19535354
0.37958479
1.61548682
1.04369751
-0.65447595
0.17516600
0.14002443
-0.38349294
0.45462434
0.19706594
0.33111995
-0.60880436
0.57224875
-0.14340864
0.40669320
1.40466402
0.27087401
1.02757715
0.53508625
-0.78586309
1.99932040
-0.14729085
1.19315586
1.06073706
1.80589866
-0.55690459
-1.08312623
-0.90086151
0.33534784
-0.71108440
-0.77254062
-0.06840965
0.57794614
0.94837808
