-1.44160219
2.48060691
2.82564871
3.66471922
2.91554391
-2.25120348
3.74891393
3.54132790
6.67783836
-0.91779989
-2.38862383
0.07587279
3.24053699
2.84442818
2.73816335
-0.08023706
-1.30283327
-0.72128286
2.72145962
-0.08340237
1.57919525
6.51503508
-0.68747614
-2.27344217
3.71801801
2.64364184
-3.11805085
-1.97227961
-2.31675620
3.65327308
-0.03299948
0.07686527
2.11729200
2.90906121
-2.87018010
2.21358565
1.89448535
2.63144825
-2.49563157
4.51382255
-1.17254795
-1.33797789
-1.29583194
1.52960040
2.87931399
-2.11935274
-2.47741048
1.05124135
-1.73075341
0.99109489
6.04233277
1.27930574
-1.02942306
3.44695085
-2.13466358
-0.99628358
-0.06679933
2.87952018
-0.95976791
2.86411944
2.67537010
-0.06640084
3.87039738
0.58243455
0.85251559
0.68457714
2.45547735
0.19461961
0.81689214
-2.09243800
5.53548029
-0.80084695
-2.06609889
3.76711940
-2.22585596
-1.15915431
-0.10489965
2.41316274
-2.95176732
2.48356031
1.27606094
-1.24207897
-1.94558883
2.23818050
2.74379870
0.08258420
3.04654365
-1.03498913
1.55737822
3.97573761
4.75028295
-3.32332702
2.36796205
5.05886786
3.91227192
1.39903559
-1.41036797
4.19283055
-2.02796341
2.91743014
5.16283058
3.52078313
0.24702720
1.89922264
-1.65294692
0.12714971
-1.37431387
4.41972959
-0.20102856
6.62358116
-1.34915244
0.08606816
3.53501522
-1.22359836
-0.78371701
0.43515238
0.12711265
-3.34288885
0.91931992
4.30659891
-1.21267673
1.20756074
1.83717990
0.73599810
2.84252639
-1.82552139
-4.00433234
-2.08990237
0.28206586
1.59088904
5.22736026
3.71864785
-0.17813979
-2.28513365
-1.07756356
4.95922330
4.87375005
3.05509150
1.30550897
4.54074893
2.90285526
-1.25698249
1.89531091
-3.27789738
2.26093147
-2.24844632
2.09697733
0.91238391
-2.45986865
3.36338833
1.95408919
4.45141491
-2.38421253
-1.39503775
0.93999425
1.70908801
4.58989158
3.04202640
-1.44258612
-3.42626946
0.74419969
3.76189685
-3.07944683
1.09707670
0.38892023
2.03005525
2.98927447
4.87913504
5.59520532
1.26091344
-0.55481407
2.33248843
1.32117540
-0.71080066
-0.02450127
4.19458510
5.34165475
-1.41554477
1.27053706
-2.27737574
3.82963903
-0.38168469
4.64863875
4.71167702
6.15352310
4.22397946
2.05536504
6.31290142
5.31119835
1.19166949
3.88094708
0.76230009
-2.34053649
-2.45403488
3.05252448
-1.93291967
-3.05304834
2.85715184
3.71639312
-0.85501809
1.33197930
6.59768692
0.40075073
0.36333023
0.16335035
1.71013174
1.12514057
-3.05155983
2.83778510
0.93820253
-1.73828528
0.64937259
0.39748009
-2.13978270
-0.36091489
0.83642336
2.29664462
-2.93707103
-0.73874309
6.19752367
2.12707211
1.37347693
-1.53411375
1.43143576
-1.08162208
0.12091775
-1.02012888
-1.32534266
0.42372702
2.90712365
-0.12615469
2.92144635
0.49570719
0.15877856
3.23775331
1.82631139
-0.46107467
-0.72847154
-3.04563225
-0.97765231
3.86555444
3.15423855
-2.20104167
-2.22222504
-2.64721762
3.71737386
3.98396651
0.41220953
6.72707467
7.67489041
-1.83506213
-1.15260670
2.28451644
-0.17118275
-1.33958800
2.39604655
-0.15449023
3.18133951
0.79236758
1.98079691
-0.37833526
3.73217126
4.56624375
-0.98023733
2.72383455
-2.91349219
2.06632356
3.67925945
0.12655540
0.52869653
1.86638545
0.22179871
1.27942050
-0.14883734
1.95016747
0.66726772
0.89113860
-3.43156241
-0.34968177
5.14992341
-3.26893864
-0.87442306
5.62085698
2.02500713
1.98669627
-1.78248928
2.78733207
2.04767510
0.43248141
1.81728141
3.99538212
1.67144963
3.10961458
1.85559811
-1.38735856
0.20702156
0.77089164
-2.25252901
2.55390624
0.27339930
-1.31810080
1.02100364
-0.81685963
5.22496297
-0.30851801
2.77263799
-0.09879804
-0.56331001
0.66530810
2.87255416
6.33345856
2.29775672
5.08517312
1.83430777
-0.03505369
0.77913755
3.17809973
-2.33773674
-3.04285332
2.97386574
-3.07300328
-0.08848269
1.92653928
4.59432310
4.50401181
5.35774991
0.73603420
4.15107686
-3.20477354
-1.25209050
2.39288769
0.76976967
0.18331643
-1.06488996
3.51144424
1.89891380
-2.10409538
-0.66811693
3.41569575
3.70247037
-0.49362733
-1.72880681
1.06741129
3.19169775
5.30458842
1.45584612
-2.44616783
4.77371603
0.15316151
0.66002198
0.01632468
3.68068071
1.08697674
1.05506449
-2.25680515
4.29372513
4.70586568
0.55445701
0.61838643
0.73260596
5.61230045
0.88098825
1.75273145
-0.41343394
1.99549484
4.28647793
3.46794889
2.70716897
