-0.99809939
2.31541013
3.98672577
3.20657231
6.01747616
2.77286615
-1.39299718
5.24321268
-0.39295809
-1.90712214
-0.99632633
1.25275934
-2.99557808
-1.09919168
0.19663610
1.16366189
0.35422621
-2.69953007
1.74163765
3.77399175
0.48154330
-1.51539624
1.76661359
4.28367695
0.40527578
0.92184936
4.26763341
1.73292015
0.87045966
-3.53437245
4.37679497
4.20494345
5.72559322
0.84800983
1.44754958
2.42875166
-1.48339742
1.13459581
3.37576979
-1.50935807
2.87747407
-2.55520864
1.99660623
-1.62777045
0.84296954
3.25582050
-0.69555180
3.63761968
1.12011283
2.48896331
1.97294398
-0.28655509
-0.71175589
-2.32836798
3.49412402
-2.14234095
-0.25714669
5.13224854
0.54619015
-0.20886730
4.41415568
0.01730692
0.94489722
0.99879510
0.75975055
2.16248928
5.35260617
-0.46511611
-1.18085763
3.47993416
0.77416233
-0.66926243
-2.20299414
-0.10428752
-0.41201660
6.26367740
5.12815002
-2.84443004
4.16150074
0.66702901
-1.27626294
1.26936405
-0.12629627
3.08448000
-0.92218246
5.33463047
-0.21018186
2.57039180
-0.66269265
2.06983506
-0.35440251
-1.61057187
-0.39502882
1.58137275
0.20545827
3.05615649
-3.85902420
-2.43213279
-3.90308463
-0.27926599
5.96432793
-1.44890501
3.30317157
3.79892454
3.20696553
4.43077951
3.99475475
5.14348573
3.88818099
1.09624881
4.78773702
0.72233579
-1.27005408
-1.32600956
1.62430875
4.42486124
-1.67846345
4.09461211
3.00011392
0.19335607
-1.60101110
-2.16974362
2.27451690
-2.52502462
0.06733657
2.95683420
-2.57644051
2.60859829
3.12425108
2.87294831
5.45605893
4.62857836
1.24440286
2.29986362
2.82312200
0.58136487
-1.26801065
-1.48487581
3.73922731
4.78498886
0.48932260
3.93230535
2.51543114
-2.89442421
0.54866352
4.76257974
2.63680063
0.56415342
-1.59432286
-3.93165345
0.17851658
3.81200014
-0.41422131
0.19104956
-0.92670390
3.36397207
0.20614878
-0.68405699
4.24666979
3.00374166
0.84688437
-3.13229360
4.57539798
1.98213440
2.24446759
-1.01363108
2.18498600
3.86888255
1.18558496
-0.27855907
0.74385159
1.09018671
1.82896607
1.75088304
1.65718205
-1.25093410
-3.52098594
0.56504793
1.68113308
-0.44367395
1.70983640
5.29606778
-0.19041381
1.74416131
1.90485465
3.87857534
2.30103391
2.66059774
2.91771058
1.61467126
1.55569188
1.49663283
0.98230992
0.06077108
-0.26986179
1.64896280
1.23457042
2.48504786
-1.06371242
-3.33305892
1.28328213
-0.49445575
0.48109402
0.91315623
2.23841070
4.31952237
1.65478921
2.07603673
2.93298214
-0.35457594
0.27309479
-3.18769783
1.85255317
0.88247093
1.44210079
-0.44656844
-3.92818103
1.07602574
-1.83052091
-0.11818366
0.55113609
4.32677861
1.26365690
3.70398328
1.34165976
0.45230909
1.22165324
-0.34111904
-1.37570661
1.74050152
-0.51807976
-1.10804483
-0.56967524
1.58639348
0.72707222
0.12965719
3.49629949
0.13171720
2.97552333
2.50608689
-2.57851510
2.96012469
0.47940934
1.39018998
-0.55715425
2.24813802
-1.29031805
4.77403557
-1.52255628
4.08633127
1.52261570
-0.04400051
0.42701765
2.22404468
4.86791436
1.69951020
0.88560193
-0.56745662
5.07223768
3.69351429
0.18742454
-2.35425220
1.27838961
1.66184059
-1.37372994
-1.11835061
-1.27429080
2.51812904
4.20139619
-2.61824958
-1.94062632
2.37423068
0.18419385
3.53917971
3.20587851
1.79271859
-2.57898980
1.48444751
2.76019277
3.10026584
3.73584312
3.02240794
1.07692637
0.80797679
0.76459042
2.46303268
1.88317526
0.42946636
1.55067263
-1.70381477
0.17767004
-0.06960461
5.05696142
3.64821656
1.52593862
2.97822602
-1.50614248
1.31368537
-3.06809163
3.48401564
-0.17492251
5.02472105
1.85775947
-0.21641363
1.48197482
-1.07111339
-0.67542937
-0.06665511
0.54262210
1.40980686
5.60357783
-0.56264218
1.85330564
2.29838473
0.65726626
3.55964243
2.52400412
4.40040443
2.39096741
3.43710698
2.70679548
2.76990457
5.89262874
3.03896216
1.76791884
1.39339255
-0.19589006
-0.36111276
-2.02335179
2.58041093
-1.64828591
3.51654300
-2.29766236
3.88204789
-2.30306527
-1.24665622
-0.72781583
1.13882447
0.24409634
-2.65801379
-3.69597497
2.41294247
2.61846913
-0.05552772
0.92184936
-2.13748320
-2.07420822
-0.44813490
3.71967032
1.57663066
2.23262155
2.14997081
1.69385396
-0.17918178
0.78858855
-3.28755667
0.38015816
0.45618255
1.20558282
-1.60229156
0.68516601
0.08745925
-0.66350175
0.20036556
7.80710898
4.43224990
3.55398946
0.86755052
-3.53133376
