-0.44167163
-0.08242259
-1.22197917
0.28202790
2.34009723
0.21454299
2.06212255
0.30519783
-1.73070859
1.12805072
0.37566344
0.95786406
1.09306133
0.28184394
4.41154549
1.27706097
-1.18474100
0.73223194
1.17895937
0.60453239
0.98944902
0.41475244
0.43232329
3.97750627
-0.49019520
1.10861795
1.88388047
-0.20142234
0.89761654
2.99298564
1.74854087
3.21971854
-0.57839781
1.48489280
2.96118894
2.27255866
-0.70322010
-0.52461173
1.63836026
-0.23130022
-0.85124173
3.07875501
2.77424059
-1.41073166
-0.64432591
0.69832218
0.57947032
0.32360036
-0.07226157
2.55045617
0.60538945
4.64926611
2.25804497
2.28834370
-1.22517864
2.09684707
0.30570005
-0.94065462
1.51014827
0.52327257
-1.68971692
0.15609412
2.80445713
0.09629157
1.47180628
0.04828666
0.30385802
1.39243669
-1.23233068
1.56178095
1.27959758
0.60099381
0.30069512
2.98721740
-0.40007238
0.73167647
0.86242543
1.50679821
1.57317062
1.29176958
1.42488335
-0.10422447
-0.21890427
-0.40308767
0.03221538
1.91824038
2.37847994
2.87861954
0.96871052
0.83049212
1.77298623
0.73249844
0.86056428
0.40619053
0.72418264
0.29523715
0.18426753
1.97529382
2.55492412
1.00741773
1.09107755
-0.64608640
1.36128546
0.97081378
2.14234748
-0.84127247
1.66518243
1.17646703
0.64578780
0.40369218
3.09935492
2.41060556
-0.61663669
-0.89217796
1.23133513
1.46854021
4.10984663
0.53645451
1.77190402
-0.73776339
-0.87782978
2.23206602
2.39052591
1.02692433
1.46139171
-0.22525001
2.42337121
1.62893475
0.37675441
2.07154411
0.12266141
3.09937397
-1.59711558
0.68956926
2.98744675
1.25407840
-1.25742775
1.52104787
3.24224180
-1.40767210
0.66012783
1.13634757
0.50816565
1.71026484
-1.22019666
0.02684774
-0.72949672
4.07069215
-0.50878148
3.41604246
0.98801703
0.32087631
-1.22530970
-0.22241713
0.70847419
1.75315681
0.71432744
-0.84505541
2.57136449
-1.73465843
1.85803761
1.69556978
1.75876234
1.45264004
0.75724897
1.71935624
1.55417542
-0.27445516
-0.12891473
0.42834008
1.92877407
2.43735831
1.93761180
0.98734896
2.38366935
1.27331556
-1.36500357
2.17091274
1.74691961
2.31307500
-0.62538828
-1.25679814
2.66429973
2.41442583
-0.26098790
-2.49510625
1.27000200
-0.93578948
1.13051143
0.75724897
0.32221028
-0.05254482
2.27864070
-1.89225976
-0.66810777
1.24741242
2.01704479
3.40473969
1.89602631
1.35082716
-0.14484838
-0.63035598
-1.13363736
0.89998097
-0.55152667
3.82989151
2.65415514
-1.24620413
0.96594922
-0.24966092
3.61058028
0.67255400
0.37307187
-0.36583751
0.32670371
1.92002626
0.42038850
2.57174724
-0.55513196
2.31419664
0.23964581
0.28063487
0.24579240
1.30742623
1.43491271
-0.61731688
2.46542228
3.76789278
-0.42815545
1.31401959
0.09782657
0.53424725
2.05676740
-0.87114572
2.33060162
2.18406539
0.76147936
2.97967997
2.15995575
1.33295258
0.99526689
1.49407379
3.19859392
2.41445646
1.63369169
-0.61667687
1.42838612
-0.97915855
1.70510151
0.35065577
1.27005334
1.21064433
0.02208296
-1.73033654
0.63462372
1.83760964
-2.35090956
0.45197719
1.58098442
2.15683867
1.24094519
-2.43215793
2.98620996
1.09539949
1.69781575
-1.40628675
-0.04722809
-0.53205277
-1.76029677
-1.77552801
-1.00684062
2.59465157
0.34710917
-1.38628154
1.61224150
-2.64413449
2.17878810
-0.67250376
0.78318580
2.86186039
0.11349303
1.93392509
0.14478997
-0.77292675
-0.32387074
3.34793434
2.41379216
1.62123619
2.92106370
0.15798631
-1.29273771
-1.37779802
0.00364653
-0.39266242
-1.26644431
1.85489540
0.30106164
0.39669017
-0.63471536
-0.53052855
2.20356319
1.57881913
1.91665745
1.36913636
1.46569095
1.27710323
0.83412712
1.31254448
-0.02466475
1.55517780
2.08077285
1.58952698
2.81165094
0.71648743
-0.93767244
-0.60942437
1.17833302
1.52761577
-0.09929601
-1.16217702
1.80105124
0.45876808
1.97276903
2.84754671
1.87665545
1.09788024
3.00330723
0.82640700
-0.67528928
0.86581909
2.92054260
0.08376393
1.79214398
-0.48731485
2.69293647
1.50410011
0.22937480
0.30941691
2.33264069
0.11567603
-1.10078894
1.65298142
-0.28911510
-2.14357625
-0.64868792
1.70877096
0.29437430
1.13899328
-1.19654670
0.60923149
-1.07260595
0.31191744
0.61506112
1.84231888
2.08070713
0.41689359
3.90415021
-1.79811041
0.66812930
3.19609249
1.64085221
2.00819137
1.31481495
2.46069917
-1.59545742
3.50364062
3.55605553
0.21952388
0.54726200
