-0.31801546
2.50402840
2.20441807
-0.12896850
2.72924505
0.77643573
0.41434099
-1.28331446
-1.06562359
2.55384076
-2.17124179
2.22417407
2.20169586
0.65039822
1.60064646
0.70807828
4.03798442
2.08932861
-0.87263949
0.10902713
-0.68147831
-0.51455753
-0.20245041
1.07013495
2.71615601
1.39303229
3.55466929
0.53287766
-1.14595650
2.30015550
-0.10425851
-1.69983916
3.50194558
1.11829854
-1.74688637
0.73565737
0.39612696
1.28231479
0.11810334
-0.78623422
2.16756925
2.98664589
2.30919279
-0.91192131
2.29554557
1.04071642
0.11123979
-0.56570031
3.38538879
-0.32553707
1.85815330
0.74515799
2.06921495
-0.57616713
1.82997420
3.64651368
-1.63544516
1.24832050
2.16862491
0.91278683
2.85091019
-0.78127956
2.57812846
-0.62114932
2.37311861
0.90530458
1.30476222
-1.04171478
2.46008243
-0.64257219
0.98054685
-0.79155978
0.83499660
2.20645105
-2.11796764
2.14680941
-0.37990702
0.62439762
-0.36719512
-0.82229214
-2.22370293
-1.10204486
1.64117542
2.75713576
2.70488872
3.66927555
1.29621593
2.17791805
-1.97595308
0.27584953
1.81234816
2.15900874
2.73123017
2.62724379
-0.18195464
0.54829064
1.49515428
-0.70935410
3.01590511
2.00618921
-0.71964888
2.38127488
2.13417217
1.73722533
2.51906333
1.68503246
0.63304198
0.72901708
1.42424216
-1.92296558
0.10332676
0.63666456
0.51113827
0.60482731
0.82651510
1.06821951
-1.68557315
-2.17557053
1.21299841
1.77194047
2.51412839
2.49504445
2.27906399
-0.88404178
1.61726534
-0.87754779
2.08895233
0.46502497
1.67848711
1.83517110
1.38348131
1.58631363
1.96826453
2.90253027
1.86763789
3.01737003
0.48879067
2.98578868
-1.65701115
3.16122060
1.27228935
-0.86145887
-2.61373074
-0.73242306
3.14027405
1.86765706
1.19946148
0.27156165
-1.56737604
-0.58522863
0.41511536
-1.36319780
1.45705204
-1.23974941
-0.39529989
1.08112207
2.40258240
1.17400185
2.64158397
4.09772852
0.37108129
1.78442403
-0.53774575
1.19818167
3.42138916
0.22598226
-0.69673075
0.86168616
3.06487013
2.28066555
-1.47191407
-0.37995018
-1.07615729
-1.77155712
3.31778862
-0.35652340
1.04407037
4.01655534
-0.34997059
1.55327721
-0.40412467
-1.43324991
2.09384923
1.89495297
0.59623878
2.01393180
1.30787425
0.45679046
3.89336109
1.75165349
-1.27600716
0.40036580
0.99530817
-2.09149683
0.93583411
1.82561208
-1.49261777
1.98722674
0.58737717
0.57404555
0.53739369
1.01149675
0.89138980
3.44809812
0.45090842
1.50354776
0.84060780
2.81022959
-1.31484994
-0.90777829
-1.44996094
-0.38706569
2.29164444
3.13539561
1.48035217
-0.77309725
1.30588614
-0.30667882
0.09365911
4.48504257
1.07180075
2.24396403
-0.75043710
1.57478953
3.47256960
3.33989807
1.77761314
-0.07189276
2.89114776
1.33698652
1.98631671
-1.15541393
-0.44834824
3.91598193
1.33709446
0.26223061
2.72722831
-0.54267082
-1.28903365
-1.05332163
0.08378142
2.87831829
2.04822278
2.29800340
0.16046461
1.84383258
0.29689899
-2.07192735
0.64981470
0.32468272
2.46807201
0.83937543
1.84606402
2.03370382
1.62865149
0.15699837
1.37664738
1.53439878
3.45579859
-2.19635521
1.31018157
-2.26293298
-0.13692111
-0.15134930
-0.89727675
-0.56235703
-2.92980527
-1.58065630
-1.33713194
2.60738516
-0.39828110
0.15565657
-0.88827832
-0.57506929
1.14065780
0.99617177
4.37113498
-2.00220416
-2.13509630
2.08735671
2.38977345
2.45852809
1.71515837
-1.04915011
3.27475173
-0.72350545
0.36166340
0.70338443
0.51300483
-1.10081328
1.17316550
-2.70144818
2.15870135
1.71901417
3.24310239
0.39810658
3.08846092
0.16224082
0.37809871
-0.37742240
2.66256421
1.09230520
0.96325188
-1.27103780
-0.94336215
-0.58229773
0.29809168
1.52795769
1.83640784
-0.63241754
-1.00326742
-0.37675960
2.11596629
1.21775677
0.48696540
1.06118927
0.83443130
0.31501926
2.98483682
2.73870095
-1.92121453
0.30695652
-0.50883779
-1.51414385
-0.53481125
-0.52839062
-0.33871020
2.88661936
0.68945695
2.46025999
1.76965259
1.41664899
-2.45559843
0.39250072
-0.57194012
-0.48631506
2.93085542
1.63783835
-1.18074837
0.34931391
0.24823412
-0.69612227
0.97346494
0.51008799
0.58209058
-1.29058312
1.04643312
-0.22818364
0.75547162
1.79266358
1.11928394
2.66016751
1.59421174
-1.35702942
2.45589713
-0.51843531
2.15901852
2.38877712
3.03503897
-1.65482747
-2.31632433
-1.33475834
0.90684345
-1.19830199
-1.95148014
-0.22260110
0.84075523
1.24067147
