-1.91058522
4.58136651
7.48614016
6.05457909
10.78086083
5.40775654
-2.82065628
9.53578127
-0.89770559
-4.27368981
-1.97918504
2.82724573
-5.61307904
-1.88120528
0.33527009
2.40242934
1.04031462
-5.77361728
3.32059571
7.24010145
0.76863133
-2.81324717
3.45471623
8.87929028
0.79959025
1.86006746
8.36296183
3.55571936
1.95574471
-6.46430406
8.23039997
8.05252726
10.24455975
1.99141527
2.52555948
4.63950397
-3.33170953
1.85059995
6.49752864
-2.36735581
6.90495174
-4.89144909
3.86796148
-3.38247399
1.52515861
6.16328038
-1.57262306
7.19361683
2.37354593
4.85304713
4.46171254
-0.62212565
-0.98842578
-4.44605365
6.65168461
-3.86673728
-0.28980150
9.79465361
0.82021617
-0.23320454
8.59927538
0.47169189
1.58405233
1.81684688
1.41927951
4.36222752
9.77411759
-0.93609525
-2.38565806
6.50976819
1.48551888
-1.22493752
-3.86659977
-0.30921202
-0.86193931
11.67470975
9.29965302
-5.03022138
7.75590105
1.43706170
-2.41600052
2.37113598
-0.26852817
5.71272944
-2.55563619
10.12741408
-0.63867030
5.04830754
-1.29061769
4.05396985
-0.77699172
-3.31147660
-0.87166108
2.85611566
0.37979016
5.81636214
-6.75256204
-4.78869680
-8.49834041
-0.20938038
11.61768830
-2.95023024
6.28165794
7.49952088
6.26591662
8.10636917
7.91726535
9.51443699
7.14172442
1.88896315
9.15431133
1.47689550
-2.43342494
-2.30389112
2.65232849
9.16198520
-3.24519959
7.85193412
6.14940470
0.44739524
-3.35735232
-4.26673768
4.14362288
-4.83146796
-0.16708675
5.91013072
-4.86810413
4.90338840
6.42611500
5.37018875
11.49582672
8.63669430
2.50149408
4.36894132
5.40574694
0.86082818
-2.38294390
-2.82616850
7.28915197
10.18411001
0.78403726
7.65165822
4.83532342
-5.54413120
0.80788749
9.19132667
5.35129616
0.85438002
-3.33793691
-7.60469211
0.40789514
7.09146421
-0.86705355
0.11142941
-1.83849980
6.36566836
0.19308709
-1.33940584
7.71010435
5.83882126
1.46788511
-5.41915855
8.70344648
3.95061362
4.10041101
-1.88666173
3.91298917
7.58935814
2.09547679
-0.06781757
1.46911406
1.90041153
3.64654669
2.95512734
3.47105727
-2.36005165
-6.65930449
1.23561189
3.35001224
-0.92147190
3.54430480
9.80978295
-0.57033381
3.57774973
3.59836467
7.35482858
4.55485018
5.05529429
5.93617415
3.43479785
2.90011957
4.16571433
1.91863771
1.10862523
-0.33275229
3.44124258
2.11103627
5.03831484
-1.95269971
-6.44624291
2.39200467
-0.97725227
0.95704004
2.34341276
4.94773510
8.09798684
3.41660048
3.58760682
5.49976487
-1.70251104
0.35852612
-6.15153650
3.65617075
1.84706235
2.63523374
-1.40052002
-7.89720760
2.40690297
-3.39907901
-0.28433520
0.37978005
7.95610642
2.33511213
7.02264288
2.66776872
0.82946472
2.43036462
-0.77135435
-2.89426318
4.29899941
-1.16407076
-1.93288274
-0.94697684
2.84527116
1.42628623
0.43294224
6.82216664
0.43281864
5.89956038
4.81791698
-5.20958227
5.60792227
0.72097285
2.45427403
-0.09627171
5.10467573
-2.43843218
8.95224269
-2.37066431
7.88672435
3.26601231
-0.18894395
0.78144273
4.38324890
9.39221150
3.53896202
1.93529660
-0.89921024
9.32039382
7.11856215
0.32171446
-4.44336137
2.47594929
3.57539019
-2.88515602
-2.35054690
-2.82738364
4.79944578
7.70031910
-5.42637387
-3.77609515
4.35161893
0.42399221
7.00238029
5.53789421
2.89687527
-5.36298771
2.86558462
5.39481983
5.72255812
7.11732603
7.11206455
1.87786859
1.49758255
1.40075490
5.06185314
3.62899153
0.77143174
3.24281728
-4.02047536
0.46844566
-0.19575031
9.39063330
6.58139700
2.37250555
5.53777026
-2.93806926
2.35292927
-5.61999331
6.91776910
-0.42097358
9.01390384
3.74099568
-0.26279342
2.81851456
-1.83267441
-1.34911016
-0.15563005
0.85918055
2.87427545
10.41649120
-0.89385482
3.49763342
4.55139518
1.51466644
7.06618071
4.84181844
8.22556475
4.58153573
6.55905332
5.59032923
5.31243239
11.50923225
5.19684064
3.61411581
2.57293392
-0.12794909
-0.79709692
-3.36278349
5.04612519
-3.29437426
6.34256375
-5.70030931
7.45644891
-5.68941943
-1.93956235
-1.34838194
1.83761173
1.37221060
-4.82269628
-6.73240260
4.53578085
5.14210247
0.32723361
1.86006746
-3.68636840
-4.34789468
-0.82998836
6.92881551
2.71470964
4.43955558
3.96319482
3.45533977
-0.25928556
1.43931805
-6.45194740
0.69590110
0.81102331
2.42568253
-2.91832552
0.85523337
-0.10360944
-1.35758534
0.42627665
13.53724907
8.40465391
6.74554100
1.79097266
-6.39393203
