-0.97047020
1.23506703
1.53064353
2.41264045
1.80869947
-1.63971270
2.50805369
2.14919639
3.64080566
-0.75692804
-1.42785082
-0.05103786
1.85044324
1.92813771
1.74918433
-0.00946404
-0.83489243
-0.54784784
1.64879911
-0.01210843
0.92649947
4.04636038
-0.09575690
-1.42221959
2.23796662
1.50444047
-2.44338427
-1.18806759
-1.46681464
2.40831273
-0.07645206
0.06959278
1.45558505
1.65664369
-1.57882465
1.41625881
1.20762859
1.64793105
-1.88968695
2.84961631
-0.78231035
-0.89614436
-1.00861942
1.11146070
1.78308163
-1.73164940
-1.94194157
0.22195389
-0.98762688
0.41482139
3.95475310
0.82017234
-0.60150680
2.30962813
-1.23163318
-0.29597707
0.28056565
2.10283487
-0.77207079
1.97733156
1.71193604
0.11391563
2.52772867
0.44890920
0.52812438
0.54917992
1.50898729
0.28024991
0.54582696
-1.45377373
3.05636328
-0.52351764
-1.25263505
2.46422175
-1.50476867
-0.80836120
-0.00971216
1.42535782
-1.97312118
1.63401304
0.85525552
-0.69833766
-1.09018495
1.52870652
1.97360031
0.26448473
1.88018180
-0.68013887
0.93385657
2.46590406
2.97993711
-1.63760898
1.44486328
3.08478227
2.19144086
1.03392812
-0.57684075
2.60466137
-0.96735483
1.99948795
3.41620831
2.46434034
0.27845372
0.85981011
-0.90779142
0.14848058
-0.82285780
2.80809824
-0.15500090
4.47644490
-0.84093050
0.04894093
2.55076662
-0.77184028
-0.59406826
0.36593186
0.06626916
-1.86717669
0.57896769
2.86042396
-0.65866949
0.72012408
1.10892164
0.43508180
1.88716036
-1.20190404
-2.88764635
-1.59305717
0.21529204
0.84645687
3.36705528
2.45736665
-0.01804580
-1.61756912
-0.70639840
3.14152104
2.97093945
1.71993168
0.68995485
2.88590679
1.70842163
-0.88609344
1.32114760
-2.00169405
1.58745929
-1.52985513
1.15077205
0.51758058
-1.38072265
1.96704412
1.22553922
2.16702620
-1.33494349
-0.99486968
0.58125030
1.19066143
2.83838586
2.10036340
-0.73396618
-2.48866591
0.43365522
2.40465387
-1.93139544
0.74864011
0.19206734
1.25963883
1.90596586
3.14832496
3.81984266
0.64703329
-0.17250897
1.41912153
0.70412036
-0.48998837
-0.18883292
2.31846541
2.92712697
-1.02606715
0.93049126
-1.31173756
2.14921296
-0.34088332
3.10275504
3.01290040
3.93277775
2.97241887
1.27513690
4.20670365
3.54911292
0.36551901
2.45482338
0.61631423
-1.45291291
-1.65692552
2.10383436
-1.28570108
-1.70458013
1.95476281
2.06093293
-0.58175359
0.74396843
4.10655512
0.38842498
0.16074907
0.35245740
1.09233570
0.72344798
-1.66985349
1.83774886
0.59370326
-1.09987079
0.49077519
0.33949713
-1.32607602
-0.17317228
0.58654877
1.55410845
-1.89576325
-0.51348709
3.82627943
1.33587509
0.81929466
-0.75854678
0.93959965
-0.75323336
0.15285872
-0.61452575
-0.82760259
0.53491674
1.65419441
-0.15134791
2.02399974
0.53921974
0.19955017
2.30657518
1.06561393
-0.40207001
-0.46083620
-1.83195546
-0.62148988
2.47531548
2.07161869
-1.32316506
-1.00902744
-1.85086300
2.16947449
2.52725539
0.13984504
4.25496004
5.33585620
-1.14819918
-0.28765586
1.33869962
-0.13924130
-0.75179308
1.52728684
-0.10848531
2.06294324
0.57093839
1.33025437
-0.53933613
2.66291040
2.53950972
-0.45987613
1.82090146
-1.83142078
1.37632989
2.42858458
0.03479290
0.27831575
1.03169744
0.13799433
0.86729225
-0.01929681
1.36731592
0.58018191
0.46854919
-2.31330991
-0.19851562
3.01823840
-2.19067438
-0.62057868
3.58730292
0.90189854
1.23450533
-1.00500246
1.88955352
1.27836967
0.52518118
1.21307062
2.51225480
1.13257261
2.02933414
1.00639186
-1.09159850
0.08386256
0.54747057
-1.25489135
1.50034107
0.18004697
-0.87576034
0.70937332
-0.60844072
3.10209958
-0.12709334
1.88842383
0.02310461
-0.22136763
0.28596560
1.66609285
3.93192346
1.22458491
3.21262612
1.30689800
0.05917948
0.50353021
1.96166841
-0.99449894
-2.02095057
1.85547641
-1.73863739
0.03648364
1.20828901
2.76710470
2.84977832
3.69281800
0.47893848
2.58736610
-1.68436551
-0.86528518
1.42185949
0.67388839
0.20394187
-0.65823095
2.21550682
1.22992523
-1.38581085
-0.68846804
2.26136890
2.60992082
-0.13720028
-1.05299757
0.81188300
1.93163704
2.99042075
0.90285161
-1.50912068
2.96276579
0.16142762
0.21242822
0.50286284
2.14792536
0.68341899
0.58649084
-1.55873151
2.63302140
2.91217010
0.03954996
0.47559756
0.37867570
2.89982981
0.52508409
1.24315666
-0.18982595
1.26692554
2.77133731
2.17948452
1.91222652
