-5.49532002
2.16577625
-1.94111388
2.95276142
9.38145427
-3.87543146
-0.90482281
1.08447195
3.80617562
1.00655251
-3.29724305
-7.98661250
2.87654354
4.15050763
4.11194630
5.25525684
-0.05869580
-3.00239503
4.20879760
-6.68376680
5.49181763
0.70563307
9.21698892
-1.08109007
2.84793382
9.57851244
4.46443717
-2.38680667
-2.47624479
5.09269151
0.01380658
4.08525903
3.01655973
3.86924604
7.95747062
7.00794954
0.77856165
-6.36759833
2.71703553
-1.16744806
-1.94781739
6.77638952
7.59469081
0.05549370
5.89602246
2.52960205
1.04324122
2.61805588
1.92960727
-2.97602671
-7.16890800
1.80647398
11.50455597
5.03415773
-0.01019359
3.80589741
1.00539435
-3.01859803
0.00652192
-0.05075052
1.61020617
-5.44848572
-2.01253031
-4.85992585
-3.36987130
5.06582451
-3.79752098
3.94528224
-2.88775238
-0.03029778
4.39711821
4.66084113
-3.30480512
-4.40487224
-2.73848386
2.00633540
3.83880375
-1.31170728
3.12212144
6.93172736
9.14421181
-0.26211236
3.06433032
1.78013891
2.67490327
1.77546925
3.73375426
1.84044534
3.88559680
8.20603776
-0.42185851
1.77073218
4.69288978
5.45148808
5.72312170
8.75578810
5.90685596
-2.33139058
-1.23822486
4.28428124
8.20825035
3.75001837
-1.97092548
2.78896946
-6.69975469
8.04977426
1.46434997
6.50746292
-2.38930801
8.16459621
1.10291010
5.60835007
-1.79583678
6.79006373
12.36760426
-1.07438055
4.03391053
3.17684739
-0.88660694
8.11802363
1.15307564
9.22914668
10.26878647
-0.87484201
5.53701483
3.66089129
-7.40477109
8.64845750
3.85275134
-8.11474912
-1.94781739
3.60328827
8.49362268
3.63437159
2.87118451
11.21491541
10.27243437
-2.34716676
0.00928363
4.76560504
2.06421483
9.46671511
8.55040006
3.83239162
6.94655017
3.51896238
6.12471200
8.85732370
-3.23244739
-2.34418091
-5.48534654
2.74762470
9.49603512
5.15171066
0.73457458
8.50886641
8.89188538
7.93506746
6.12366782
1.73974448
8.13216615
8.37975693
2.78253043
3.70888680
-6.21643206
-3.41567947
2.79887593
5.73550172
3.09313004
4.26746685
6.41410260
3.71746339
0.02784367
8.40251908
-2.37975314
3.10032355
3.10492915
-7.54061982
4.66666404
5.20444794
4.80635145
-2.27530898
6.73880270
0.71086268
4.61708969
0.77520562
-5.02383831
-2.94397882
-0.12852471
3.88807347
8.46506245
3.04406263
-2.34630902
-6.22369415
11.74813108
-5.45129880
0.95526529
7.27892591
-2.78577062
0.75080201
3.08963231
-3.38452597
0.68816405
-3.68945453
6.22376427
2.09604685
2.00547651
2.96441668
0.65337085
3.77759350
11.01779833
7.32815384
5.14838958
-3.84629017
-4.90426132
2.04076981
4.86069698
-4.50321523
7.88816768
-3.18200419
6.74295248
2.67134358
3.97485842
-1.92550529
5.69964771
-4.14848568
1.83173732
4.77892886
8.79368339
0.64048487
1.86200652
2.70530441
-0.07090127
3.55976213
-1.39096529
-2.44862530
-5.26403613
6.72524517
1.76265151
8.06104831
-0.94156175
-0.79137266
-3.90381296
0.75885172
0.98855129
4.00082100
1.74445428
3.96401930
1.82845064
1.46023196
3.12035541
7.07121558
4.35094752
-1.02532461
-5.37422255
2.86888225
8.81987495
-1.21393423
-4.33123752
-1.28110996
1.01602198
8.28200463
8.08774734
-1.88020836
2.10994354
1.07152624
10.79170789
12.25040229
-4.95136413
6.95806797
5.50394604
9.74174985
6.54981640
1.76386297
0.79822458
2.70834527
-6.25256607
7.37004572
-2.35684988
3.30447907
10.34458275
4.65340540
-7.30818218
-5.63828387
1.05292195
1.57033050
2.02529532
7.67793825
2.62715003
0.02775532
-0.04578366
-7.57901355
3.75807451
0.70737363
-1.15179596
7.22281746
0.00341286
1.04672371
3.97105217
3.85083921
5.70675923
0.98586471
-5.31257986
8.13141196
3.64205036
-3.83667549
-0.08902070
-3.34164948
13.89791798
-1.95106629
6.65948607
-2.73848386
4.77266354
4.07736973
0.06103630
-3.45331979
-4.89159611
5.00693351
7.56762327
-0.74367749
10.39032512
7.89932409
7.86198790
-6.41062902
-0.82839266
0.74409264
-1.91292618
6.32704825
-2.99359769
4.77081490
5.36232531
-0.06609964
0.91098058
8.44154292
0.76805803
3.05837116
-5.53269663
20.02503023
-3.36016610
5.23504528
-0.79375780
0.97649036
7.82032541
2.81410457
-0.90151073
-0.84488075
8.38211557
-3.92809715
5.25644408
6.03768323
-6.65296914
4.56972718
-0.92228521
0.00290683
-5.70929874
0.81237631
4.84182993
-2.38709782
-4.85284808
-0.55621967
-1.27125276
-4.36158302
5.73010854
1.03195194
8.66386845
0.62089281
0.98161265
0.09805083
