5.28518103
-1.62119643
3.06566487
1.17127755
-2.92378986
2.59526777
3.06870621
-0.69941213
3.56908350
0.74404357
5.21542997
2.53457450
2.99216026
6.20638161
1.46154317
-0.99390136
3.26696588
-1.62458899
0.43247507
-0.84614438
4.31381435
3.85762722
3.46421863
-3.78300285
5.19729572
1.78274377
0.20355958
-3.01849735
-0.32139770
2.70095678
0.47501918
-1.68028364
3.09762559
2.38541971
3.86072005
4.21417699
0.69206569
1.13961866
3.32679570
-0.27490571
-0.16114216
-5.04185698
1.68101285
-0.81664014
-0.37763098
1.15461179
2.33216187
0.12510398
2.31895909
1.84520758
-0.02116803
4.42151596
3.86673207
0.60691692
3.70547081
6.15175932
-3.15759307
-2.77362787
4.12358138
4.60102034
4.58300345
6.29682870
-3.05520377
3.39158787
-4.35784454
1.92676805
-0.39180200
3.45452232
4.49733093
2.08188790
7.22957925
-0.31490822
4.60644259
-0.17346495
-1.98009661
0.03393139
-1.44424815
2.34231712
-4.35329721
-0.02431384
6.10444025
7.45537635
4.94224244
0.19544657
5.24558519
2.68888943
2.20317815
8.44179825
0.44314060
0.88829299
-1.13868310
0.13094469
2.65506078
2.22709906
1.74324767
-1.98857858
0.94140311
5.78573951
0.48977549
-3.48845913
3.66178175
1.16032763
-1.63957656
1.54257026
2.01275593
3.21420269
-1.36997383
4.29706268
1.49648774
-3.31678063
2.88508077
4.29970283
-1.53485572
-0.26464026
5.51221070
0.34887386
2.29093611
3.11787660
4.66694966
5.82375911
1.22019497
3.94650002
2.66379672
1.00243955
-0.26105289
0.78317031
1.83081006
6.07582429
-3.01389696
-0.75115841
-0.60030183
5.91335252
5.29477978
2.91458543
0.12385245
1.71504659
3.50454158
-0.19659124
0.12827165
1.16653886
-0.26171629
8.17097116
1.50040003
7.44652665
0.80791249
7.07418628
1.14199264
5.40630091
0.88634625
1.12514316
4.82511369
-0.01957148
2.42387958
-0.32482731
-2.08315727
6.27379258
-1.63606199
0.21257121
3.35260405
0.21601661
-0.59267470
4.12787496
-0.94309155
7.84556263
0.02618619
2.97455399
-1.02043059
1.11448826
-5.07335389
-0.67084216
6.47962944
-2.05190514
1.44372988
3.99605418
-0.37203256
2.62358161
2.75869785
3.32298184
2.99352039
-0.99739472
3.01943272
0.48245579
0.86186155
3.54148691
0.55778145
-3.26608395
0.78929480
-1.57568521
1.73206534
3.57645753
-2.36896832
-0.52625358
3.13465697
4.01209213
-1.39766003
4.63072596
5.91896623
3.13317758
4.63485273
1.39143407
1.19323881
0.82474104
6.46287089
6.52252984
3.82580329
5.45696780
2.24666936
-0.27100523
1.63366052
0.26696008
-2.55505390
3.95566529
0.24545560
3.21650262
0.31724793
2.93521455
6.52544722
6.77578409
-0.18490587
1.48430683
1.55000165
3.55725659
0.47683213
4.18758871
-3.13604554
0.89047607
-4.45506008
-3.22796655
2.94748752
-2.39377609
-3.78511710
6.86044093
2.41874044
1.69140766
-1.01919995
-2.27627776
-0.17040517
4.24658687
3.10872839
0.44678017
-0.28063621
1.15620667
2.97531809
3.16179983
0.51646375
0.55158365
5.21971001
-2.19348401
-0.12660406
1.12777376
2.19245645
-4.04603752
3.38128363
-0.82477902
2.03695606
2.04700542
-4.42402431
-1.58556870
6.48122873
-1.38831364
2.43145395
0.80603104
4.50861371
2.96887581
1.50666171
2.49215932
-0.33422093
1.18544652
3.18137972
2.51493552
4.72102760
5.17651914
-2.04807632
4.56716524
-2.01073453
-2.45216933
-1.02857105
5.64492892
0.04886037
-1.43743379
6.46619061
-0.81701946
1.93132343
0.49660968
1.51561460
0.45640436
3.51757478
3.93775843
2.58849885
1.07691825
6.23036932
4.24031742
-2.73746208
7.36195621
5.45237074
4.05012358
3.45730799
2.23409919
-3.07503102
0.09140691
-1.84690309
0.13810460
1.71141506
3.39246903
-3.58289453
-1.31701147
7.25801485
7.50108464
2.23995337
1.84322628
-2.44798081
0.18371700
-2.86684894
-3.79039972
1.57091528
6.94149002
8.22678135
-0.03204597
3.30952537
-0.22004744
-1.68035159
1.42587613
-2.86006174
2.16540777
4.05046673
3.12451448
2.36669417
11.64952807
4.78572412
6.17733522
7.89268531
-1.59639587
-1.08978283
0.46399854
-2.98712076
4.62989001
-1.60715105
2.69733459
-0.59366181
6.49525287
0.71678944
-2.21251592
5.28570943
-0.24607068
-0.07024981
4.18499536
-2.16997424
1.20090733
7.49081515
1.28948961
0.78909654
0.10688154
-0.04371600
3.56670211
-1.81629285
5.04313926
-3.40449373
5.65114274
-2.08143650
5.78998102
-1.57360519
7.04568359
4.29620277
5.74821874
-0.42076431
0.83019687
-0.20714138
0.99357338
2.89385303
